
36
104
-66
-14
14
160
-86
-152
-156
98
-6
-140
-28
214
-34
-30
-20
-82
146
-74
130
82
52
-142
212
174
10
-198
14
34
-2
106
58
62
136
116
-114
154
12
-60
-4
70
-40
4
-6
-82
42
18
-12
12
86
44
-2
-2
164
64
-8
-48
-138
78
-112
278
94
-76
-122
128
-6
-176
8
156
-26
50
-12
-82
-150
88
-52
-48
-14
6
162
-46
-138
-106
10
-54
210
182
108
116
94
-24
94
-270
48
140
-30
140
140
50
-22
-86
134
-76
-36
152
82
-106
-54
26
36
306
48
-34
242
-164
-254
94
-88
-26
-196
-10
-28
0
-160
32
-208
-58
52
20
24
66
32
-78
12
206
84
166
8
-102
116
-42
110
-46
-134
44
-244
-162
-48
-204
38
-28
20
-66
12
-12
-84
136
26
60
-92
-130
-10
22
112
-56
-22
106
50
-116
-256
-14
26
38
-156
16
118
104
74
-116
120
-36
74
-174
66
130
22
-106
-102
32
-26
50
36
46
174
-102
-74
178
10
88
-22
12
-94
76
-46
18
44
30
114
22
94
-98
-112
-236
-16
-98
-20
-118
-196
26
-42
-130
66
-280
34
-36
-54
-70
-48
-102
-132
-12
-10
-54
64
18
82
-12
212
8
-92
-26
30
-4
-26
-54
-44
160
174
-224
70
72
148
-202
124
66
-56
-108
24
86
-132
122
-18
114
70
-32
84
40
-112
156
32
-54
22
-144
-30
42
154
88
106
146
-58
34
-150
150
46
-34
-24
34
-80
-120
-84
-10
-54
90
72
106
150
134
216
-60
82
0
52
-2
88
-38
-92
32
38
-104
28
12
116
-160
-154
10
20
42
66
64
-52
-12
96
78
38
22
124
108
12
-56
-66
-18
-50
-140
-30
-22
16
-192
-64
-120
-60
-4
-160
88
-112
42
-106
-16
140
-34
-88
134
4
134
-2
-38
-68
-94
-10
0
62
-22
-68
-44
30
44
70
-138
-28
-102
276
-14
-2
140
-34
30
30
54
-70
-72
-8
-58
86
-148
70
-66
64
146
-148
-14
-56
46
38
-102
146
138
-34
-46
-12
-102
-146
128
80
-132
-84
-178
142
60
-46
72
-58
48
36
80
-44
-62
-150
76
-100
96
100
-56
-14
132
-182
-36
-20
36
14
8
104
-80
114
-50
40
-26
152
118
-42
10
-56
-106
-250
118
116
-126
46
178
74
-102
-46
112
-32
-14
-14
-94
6
-90
-80
-106
54
34
-236
-42
12
-58
-214
14
64
84
-26
-12
-32
-154
90
-54
98
-14
82
-60
-124
34
-50
-4
-198
-96
-40
2
36
-32
54
-22
106
-146
238
-72
-56
132
2
106