
427.0
293.0
-451.0
-263.0
527.0
113.0
449.0
9.0
445.0
-357.0
67.0
185.0
-85.0
-231.0
105.0
-123.0
-109.0
-409.0
-101.0
107.0
-563.0
35.0
-577.0
567.0
-845.0
-247.0
-319.0
-735.0
333.0
-167.0
-655.0
435.0
-559.0
15.0
-507.0
-615.0
427.0
-319.0
-1085.0
-87.0
-637.0
-577.0
-1097.0
333.0
-729.0
-197.0
209.0
-15.0
-819.0
665.0
707.0
539.0
-223.0
243.0
773.0
111.0
485.0
211.0
161.0
-39.0
433.0
-141.0
-387.0
-571.0
331.0
-271.0
227.0
133.0
-405.0
323.0
419.0
107.0
-615.0
-349.0
-749.0
-259.0
-779.0
33.0
-801.0
745.0
129.0
139.0
-213.0
-53.0
-641.0
161.0
511.0
183.0
-419.0
-205.0
-349.0
245.0
-235.0
79.0
435.0
309.0
-377.0
-553.0
-939.0
35.0
-49.0
147.0
7.0
73.0
227.0
521.0
-573.0
703.0
73.0
-31.0
391.0
163.0
-257.0
927.0
-753.0
-637.0
-241.0
667.0
-183.0
155.0
-143.0
151.0
-179.0
-475.0
937.0
-107.0
579.0
739.0
739.0
217.0
-179.0
849.0
499.0
-47.0
-273.0
-11.0
-275.0
-63.0
741.0
-535.0
709.0
949.0
447.0
-377.0
-299.0
-123.0
-223.0
-629.0
-635.0
37.0
-785.0
231.0
-7.0
781.0
-697.0
287.0
1211.0
727.0
-1.0
-139.0
-103.0
575.0
685.0
241.0
843.0
1051.0
1267.0
253.0
993.0
-483.0
301.0
367.0
-807.0
143.0
991.0
-211.0
151.0
-947.0
393.0
395.0
-353.0
-181.0
343.0
-209.0
169.0
-685.0
-277.0
741.0
-351.0
229.0
139.0
163.0
-377.0
-659.0
-135.0
853.0
-251.0
-341.0
-77.0
-283.0
177.0
1295.0
1233.0
-311.0
-411.0
275.0
229.0
289.0
-49.0
553.0
-327.0
-431.0
-41.0
-157.0
597.0
-1023.0
123.0
-645.0
-447.0
-639.0
161.0
213.0
35.0
-403.0
373.0
-199.0
1051.0
-515.0
445.0
155.0
905.0
-253.0
567.0
-75.0
-199.0
-621.0
-367.0
-467.0
361.0
-675.0
-855.0
75.0
-573.0
-401.0
309.0
303.0
-71.0
697.0
155.0
571.0
89.0
-297.0
85.0
577.0
483.0
-381.0
599.0
133.0
-215.0
-1209.0
-519.0
-797.0
779.0
-697.0
-39.0
-17.0
-361.0
-373.0
351.0
65.0
365.0
-95.0
-583.0
117.0
-157.0
267.0
-179.0
425.0
501.0
-579.0
1151.0
-359.0
-219.0
231.0
-95.0
1023.0
-579.0
-273.0
-65.0
-341.0
-315.0
627.0
-75.0
637.0
-157.0
51.0
-197.0
-759.0
203.0
387.0
-95.0
455.0
-199.0
501.0
705.0
179.0
163.0
-69.0
439.0
-1095.0
-761.0
69.0
-177.0
83.0
193.0
161.0
-285.0
-19.0
201.0
187.0
555.0
-307.0
531.0
-271.0
145.0
-259.0
69.0
-99.0
-133.0
657.0
-777.0
731.0
-745.0
-879.0
-437.0
-417.0
-283.0
-141.0
-517.0
-175.0
563.0
297.0
379.0
475.0
789.0
-97.0
597.0
-19.0
713.0
-299.0
-591.0
-639.0
957.0
561.0
309.0
-47.0
-1177.0
773.0
551.0
87.0
-139.0
193.0
177.0
-337.0
-343.0
-311.0
-357.0
407.0
-139.0
483.0
531.0
-1239.0
-39.0
169.0
257.0
-297.0
181.0
-131.0
-377.0
-739.0
-203.0
-195.0
-361.0
261.0
59.0
-35.0
-547.0
-343.0
663.0
583.0
-1033.0
31.0
1535.0
641.0
-381.0
341.0
509.0
-33.0
713.0
-671.0
-769.0
-139.0
-17.0
265.0
-83.0
-55.0
121.0
-471.0
467.0
-15.0
617.0
-879.0
-497.0
175.0
-847.0
449.0
-359.0
105.0
745.0
-775.0
991.0
463.0
-221.0
-621.0
227.0
191.0
-375.0
241.0
-551.0
-227.0
-307.0
-153.0
-7.0
505.0
-111.0
-43.0
387.0
73.0
-83.0
181.0
-77.0
-541.0
-121.0
387.0
-675.0
671.0
361.0
-547.0
283.0
859.0
855.0
-49.0
473.0
-541.0
165.0
309.0
77.0
235.0
-309.0
569.0
-163.0
677.0
77.0
727.0
-255.0
-543.0
925.0
557.0
-47.0
375.0
-9.0
-309.0
397.0
29.0
471.0
359.0
695.0
-427.0
-69.0
275.0
325.0
-445.0
-623.0
-611.0
301.0
-141.0
-431.0
-257.0
-133.0
109.0
205.0
-109.0
495.0
1035.0
-499.0
-39.0
71.0
139.0
-293.0
95.0
153.0
121.0
1129.0
483.0
-95.0
-463.0
771.0
-331.0
-63.0
-113.0
-541.0
-93.0
109.0
-611.0
-375.0
215.0
711.0
-533.0
-17.0
37.0
411.0
291.0
-231.0
457.0
-307.0
75.0
475.0
169.0
299.0
-457.0
-363.0
267.0
67.0
205.0
-209.0
-153.0
161.0
-641.0
135.0
-489.0
-425.0
731.0
-565.0
611.0
511.0
187.0
35.0
155.0
541.0
405.0
175.0
107.0
659.0
-183.0
-505.0
261.0
-115.0
85.0
355.0
253.0
-69.0
-293.0
375.0
219.0
207.0
-165.0
-41.0
453.0
1015.0
-339.0
-837.0
-61.0
213.0
-1149.0
-447.0
815.0
79.0
197.0
-445.0
49.0
577.0
603.0
117.0
215.0
-251.0
-665.0
1.0
-585.0
443.0
471.0
669.0
785.0
23.0
359.0
635.0
-79.0
613.0
123.0
451.0
-173.0
-91.0
507.0
163.0
-313.0
175.0
497.0
-37.0
-53.0
61.0
-581.0
175.0
787.0
883.0
-361.0
535.0
341.0
-315.0
119.0
-63.0
-57.0
345.0
253.0
301.0
-101.0
625.0
-133.0
7.0
-37.0
195.0
347.0
-607.0
75.0
373.0
-177.0
339.0
101.0
757.0
-153.0
329.0
-115.0
-343.0
469.0
-735.0
-13.0
135.0
101.0
-149.0
-145.0
81.0
-45.0
195.0
-41.0
-201.0
153.0
207.0
-121.0
305.0
-193.0
161.0
67.0
-327.0
-1089.0
-337.0
-857.0
-31.0
-165.0
-367.0
103.0
-487.0
187.0
67.0
873.0
305.0
-265.0
139.0
63.0
123.0
-145.0
-61.0
-1057.0
381.0
-283.0
535.0
-263.0
677.0
-721.0
-397.0
-137.0
-377.0
-625.0
499.0
335.0
-427.0
545.0
-153.0
-937.0
-245.0
71.0
385.0
-759.0
-553.0
139.0
161.0
-211.0
183.0
-43.0
337.0
-97.0
405.0
-179.0
-111.0
71.0
313.0
-237.0
363.0
1149.0
-487.0
363.0
-131.0
-155.0
-267.0
459.0
-1057.0
427.0
-161.0
-215.0
-823.0
-321.0
-973.0
65.0
431.0
-717.0
-349.0
359.0
981.0
405.0
-699.0
389.0
-17.0
305.0
-17.0
-423.0
37.0
-203.0
347.0
-461.0
-263.0
151.0
71.0
-121.0
-1201.0
13.0
169.0
-329.0
859.0
-517.0
215.0
-365.0
-289.0
-623.0
-767.0
455.0
-409.0
-55.0
-137.0
585.0
-151.0
861.0
-27.0
-469.0
-705.0
-559.0
1041.0
-241.0
361.0
-137.0
-133.0
665.0
561.0
289.0
-359.0
309.0
-469.0
201.0
363.0
-727.0
723.0
-111.0
29.0
-273.0
857.0
351.0
-361.0
305.0
403.0
63.0
-613.0
379.0
373.0
-607.0
167.0
13.0
-75.0
-53.0
3.0
531.0
309.0
319.0
765.0
1021.0
339.0
383.0
373.0
333.0
453.0
-97.0
219.0
387.0
1363.0
-59.0
-435.0
-717.0
-493.0
-435.0
963.0
-21.0
855.0
-3.0
-251.0
-47.0
-187.0
-683.0
-675.0
-267.0
53.0
-563.0
-361.0
577.0
77.0
-361.0
343.0
-187.0
397.0
221.0
107.0
399.0
-465.0
-55.0
207.0
-491.0
-37.0
345.0
635.0
173.0
-459.0
263.0
-59.0
-213.0
139.0
195.0
169.0
149.0
-269.0
365.0
41.0
889.0
-371.0
389.0
315.0
-9.0
775.0
-163.0
-355.0
1017.0
-593.0
-329.0
-271.0
955.0
201.0
1023.0
1127.0
55.0
211.0
389.0
303.0
-1565.0
891.0
-13.0
-353.0
-457.0
423.0
-479.0
-225.0
-611.0
-657.0
209.0
83.0
-387.0
-931.0
-339.0
9.0
-209.0
487.0
-1.0
79.0
-575.0
-433.0
-1351.0
-251.0
-305.0
-729.0
33.0
739.0
-249.0
219.0
-625.0
-471.0
293.0
-137.0
-291.0
-329.0
-633.0
-215.0
-583.0
183.0
-49.0
209.0
49.0
-187.0
923.0
5.0
679.0
325.0
-691.0
-269.0
-371.0
251.0
-61.0
239.0
-287.0
-457.0
-217.0
-43.0
-563.0
997.0
19.0
861.0
555.0
515.0
1217.0
-289.0
-281.0
-391.0
477.0
-3.0
-13.0
225.0
-141.0
-415.0
-455.0
257.0
505.0
189.0
167.0
-241.0
899.0
1.0
973.0
11.0
29.0
-1669.0
397.0
-615.0
485.0
-639.0
611.0
-667.0
483.0
-65.0
-363.0
-145.0
505.0
505.0
295.0
45.0
35.0
745.0
11.0
-65.0
301.0
-497.0
319.0
-81.0
-759.0
-255.0
461.0
43.0
363.0
749.0
275.0
387.0
663.0
611.0
89.0
-147.0
-199.0
215.0
-25.0
-95.0
-201.0
-619.0
-449.0
509.0
457.0
-487.0
-559.0
7.0
609.0
-643.0
221.0
-159.0
-211.0
5.0
343.0
59.0
59.0
-205.0
541.0
387.0
-193.0
247.0
507.0
-575.0
131.0
-71.0
-827.0
353.0
-355.0
-259.0
851.0
-491.0
867.0
165.0
591.0
251.0
-239.0
221.0
335.0
-577.0
623.0
-695.0
131.0
275.0
-255.0
-439.0
789.0
-599.0
-225.0
-489.0
121.0
-805.0
469.0
59.0
387.0
457.0
-165.0
117.0
-407.0
-85.0
191.0
39.0
145.0
123.0
165.0
-457.0
-461.0
329.0
-309.0
511.0
401.0
767.0
405.0
-73.0
-293.0
833.0
-117.0
221.0
161.0
807.0
365.0
-63.0
-123.0
-769.0
141.0
283.0
93.0
1017.0
-501.0
-283.0
-661.0
261.0
-335.0
565.0
-533.0
-307.0
-9.0
17.0
-447.0
425.0
111.0
333.0
207.0
821.0
-853.0
203.0
639.0
43.0
317.0
699.0
189.0
-277.0
855.0
471.0
397.0
281.0
-753.0
507.0
-45.0
173.0
273.0
237.0
221.0
-381.0
267.0
523.0
659.0
-249.0
307.0
-15.0
-267.0
-97.0
-347.0
781.0
-501.0
-439.0
749.0
-377.0
129.0
951.0
399.0
353.0
-283.0
63.0
-151.0
-25.0
745.0
461.0
-547.0
443.0
171.0
-323.0
-11.0
-917.0
-413.0
-321.0
267.0
45.0
-487.0
639.0
-113.0
-563.0
-231.0
-597.0
-67.0
-1053.0
-547.0
-1085.0
35.0
-457.0
-311.0
-719.0
1285.0
335.0
-829.0
591.0
157.0
-585.0
601.0
-283.0
-55.0
1481.0
-69.0
-89.0
-61.0
549.0
805.0
-95.0
283.0
501.0
27.0
803.0
-33.0
-371.0
-409.0
251.0
207.0
-539.0
-47.0
275.0
-357.0
233.0
-193.0
495.0
803.0
529.0
-255.0
-277.0
151.0
-23.0
-177.0
-821.0
-133.0
389.0
37.0
33.0
95.0
1097.0
-71.0
625.0
291.0
-15.0
-249.0
-539.0
-831.0
217.0
667.0
-165.0
-267.0
549.0
417.0
33.0
-407.0
37.0
-811.0
11.0
219.0
-791.0
-311.0
719.0
445.0
-169.0
305.0
429.0
805.0
-289.0
-219.0
-383.0
-241.0
-31.0
205.0
-1179.0
-43.0
-29.0
-335.0
-153.0
-441.0
-355.0
-559.0
-849.0
811.0
-887.0
-291.0
639.0
375.0
-767.0
343.0
21.0
1195.0
811.0
411.0
-165.0
-585.0
409.0
319.0
-285.0
535.0
-125.0
209.0
199.0
-505.0
683.0
765.0
-309.0
-13.0
181.0
539.0
361.0
-85.0
-93.0
-1005.0
-81.0
-715.0
347.0
647.0
-965.0
31.0
-301.0
149.0
587.0
-957.0
-635.0
-157.0
-243.0
-885.0
-727.0
305.0
539.0
-645.0
-383.0
761.0
-259.0
397.0
-29.0
639.0
71.0
-241.0
41.0
545.0
-387.0
37.0
-313.0
-117.0
77.0
367.0
433.0
-487.0
-283.0
-139.0
-21.0
35.0
285.0
-603.0
-379.0
305.0
1.0
159.0
841.0
643.0
-611.0
109.0
459.0
237.0
95.0
543.0
-237.0
-267.0
-291.0
1237.0
-335.0
-247.0
861.0
367.0
-543.0
931.0
-213.0
-529.0
-827.0
-65.0
-23.0
11.0
305.0
-745.0
295.0
-493.0
-565.0
611.0
-335.0
-487.0
-221.0
273.0
-781.0
-239.0
-273.0
-87.0
599.0
-191.0
601.0
379.0
-1131.0
-671.0
-485.0
-407.0
-365.0
-515.0
799.0
1.0
575.0
-271.0
543.0
383.0
-127.0
355.0
-97.0
-279.0
-447.0
-325.0
453.0
343.0
891.0
85.0
-153.0
-237.0
513.0
-57.0
421.0
203.0
-633.0
-253.0
357.0
599.0
433.0
-289.0
-297.0
283.0
-443.0
-7.0
-581.0
-137.0
-855.0
-217.0
937.0
-227.0
493.0
-33.0
1011.0
185.0
-155.0
547.0
189.0
523.0
253.0
-315.0
281.0
411.0
17.0
39.0
91.0
-117.0
273.0
1055.0
1377.0
-463.0
-1185.0
89.0
-1303.0
-123.0
-287.0
103.0
223.0
-93.0
-715.0
691.0
-161.0
-539.0
541.0
-141.0
-109.0
333.0
371.0
43.0
-61.0
-315.0
-445.0
-575.0
-75.0
-541.0
621.0
457.0
-173.0
-371.0
599.0
287.0
-83.0
279.0
-607.0
363.0
-629.0
911.0
65.0
-345.0
453.0
-773.0
617.0
-67.0
-237.0
-113.0
-167.0
55.0
-497.0
-793.0
-305.0
961.0
73.0
-371.0
827.0
659.0
-95.0
507.0
537.0
349.0
-411.0
243.0
-507.0
109.0
-39.0
303.0
-433.0
-79.0
237.0
195.0
-655.0
-1057.0
-167.0
1139.0
-265.0
-785.0
473.0
399.0
-667.0
-169.0
-95.0
-217.0
915.0
-377.0
197.0
51.0
459.0
-577.0
-415.0
7.0
1141.0
397.0
305.0
-99.0
623.0
-79.0
415.0
1.0
-375.0
157.0
397.0
-551.0
-171.0
-395.0
159.0
-259.0
-435.0
311.0
63.0
-1.0
875.0
523.0
211.0
155.0
159.0
-713.0
1521.0
595.0
271.0
-135.0
77.0
383.0
33.0
-853.0
51.0
413.0
53.0
421.0
573.0
65.0
-131.0
83.0
1223.0
3.0
-1141.0
509.0
-209.0
-345.0
139.0
-441.0
-809.0
-875.0
307.0
47.0
877.0
317.0
71.0
-113.0
-193.0
601.0
-1.0
-561.0
765.0
65.0
901.0
245.0
-1241.0
-671.0
167.0
15.0
681.0
193.0
-55.0
-633.0
-501.0
389.0
735.0
-7.0
-179.0
175.0
-257.0
-367.0
63.0
297.0
-255.0
679.0
-61.0
417.0
-241.0
173.0
469.0
-499.0
-181.0
983.0
413.0
-183.0
-241.0
-437.0
-505.0
387.0
-821.0
85.0
-315.0
-335.0
-53.0
-629.0
183.0
1011.0
-269.0
-5.0
345.0
-415.0
-519.0
-43.0
-443.0
-5.0
-63.0
-287.0
781.0
-157.0
-69.0
1281.0
-923.0
649.0
393.0
345.0
-123.0
-805.0
341.0
573.0
-293.0
-467.0
335.0
383.0
-157.0
-129.0
-301.0
-211.0
915.0
-269.0
435.0
-213.0
-201.0
771.0
731.0
-911.0
-1.0
-77.0
-305.0
-449.0
255.0
-643.0
155.0
787.0
-885.0
-109.0
-833.0
-623.0
697.0
269.0
-21.0
129.0
-195.0
967.0
1429.0
39.0
-711.0
-899.0
-747.0
153.0
-121.0
425.0
439.0
275.0
-73.0
743.0
449.0
-65.0
97.0
295.0
-31.0
417.0
455.0
-73.0
-417.0
-255.0
-47.0
-133.0
171.0
-193.0
-305.0
-461.0
-171.0
-231.0
153.0
7.0
-161.0
7.0
-673.0
-291.0
353.0
817.0
141.0
57.0
-399.0
-313.0
-123.0
47.0
-285.0
-517.0
259.0
-1039.0
425.0
109.0
131.0
275.0
-527.0
-59.0
243.0
-455.0
-613.0
-1.0
437.0
-295.0
-19.0
-355.0
389.0
-709.0
-471.0
933.0
-299.0
863.0
-615.0
-473.0
205.0
-261.0
183.0
-87.0
63.0
-605.0
381.0
533.0
179.0
415.0
381.0
43.0
721.0
-673.0
277.0
49.0
-753.0
-883.0
-253.0
-9.0
-341.0
267.0
-271.0
445.0
-731.0
-697.0
-1451.0
357.0
-693.0
-147.0
309.0
-669.0
-23.0
-203.0
701.0
353.0
11.0
255.0
-547.0
33.0
115.0
513.0
-265.0
25.0
365.0
263.0
567.0
67.0
-369.0
-295.0
557.0
-81.0
-479.0
-387.0
-455.0
269.0
339.0
159.0
-215.0
-191.0
345.0
155.0
-139.0
271.0
535.0
369.0
-151.0
847.0
-529.0
333.0
85.0
69.0
83.0
345.0
-987.0
501.0
-425.0
-699.0
-849.0
-715.0
-481.0
-371.0
349.0
-233.0
-301.0
389.0
747.0
115.0
55.0
-701.0
-47.0
-73.0
307.0
167.0
-879.0
-239.0
-251.0
-195.0
1099.0
709.0
321.0
-925.0
353.0
-273.0
-587.0
-799.0
1019.0
-743.0
443.0
-625.0
-973.0
81.0
-373.0
809.0
405.0
863.0
99.0
55.0
-127.0
-293.0
17.0
-351.0
-399.0
-219.0
7.0
-371.0
-1083.0
829.0
411.0
171.0
223.0
-61.0
-277.0
-61.0
-347.0
-421.0
657.0
217.0
-1289.0
-109.0
-149.0
113.0
-599.0
625.0
-373.0
-121.0
277.0
-195.0
113.0
77.0
157.0
-541.0
313.0
-107.0
263.0
363.0
-1015.0
-1183.0
213.0
-389.0
193.0
-497.0
-267.0
-365.0
-183.0
-345.0
-121.0
101.0
-421.0
1367.0
-277.0
-381.0
419.0
-583.0
-33.0
569.0
-347.0
189.0
-321.0
-197.0
-215.0
531.0
543.0
35.0
-559.0
-127.0
-689.0
-1063.0
-263.0
-67.0
423.0
553.0
-95.0
-569.0
497.0
-139.0
-279.0
727.0
125.0
171.0
-55.0
427.0
167.0
299.0
-99.0
63.0
-495.0
125.0
-537.0
-357.0
825.0
-115.0
-15.0
443.0
-487.0
131.0
-1065.0
-475.0
417.0
-175.0
-33.0
-759.0
639.0
-919.0
701.0
225.0
-499.0
563.0
-641.0
807.0
-189.0
-173.0
707.0
451.0
-475.0
59.0
279.0
569.0
-569.0
-25.0
-75.0
-447.0
183.0
-65.0
-215.0
-231.0
-89.0
469.0
-291.0
-91.0
671.0
575.0
-657.0
339.0
581.0
281.0
81.0
79.0
-223.0
429.0
-5.0
589.0
-207.0
333.0
487.0
445.0
-379.0
221.0
401.0
-397.0
241.0
-251.0
-907.0
-525.0
339.0
-619.0
27.0
-763.0
663.0
-295.0
-579.0
-93.0
-59.0
-193.0
-537.0
231.0
21.0
-167.0
-629.0
-1167.0
93.0
1125.0
393.0
-595.0
69.0
563.0
-149.0
-257.0
-371.0
-153.0
-653.0
-773.0
-105.0
-273.0
-11.0
-811.0
691.0
-457.0
175.0
-359.0
161.0
-225.0
399.0
-535.0
-145.0
249.0
333.0
-189.0
-627.0
-247.0
-225.0
-529.0
-441.0
23.0
1.0
-395.0
-913.0
-373.0
837.0
41.0
695.0
369.0
-453.0
125.0
-183.0
1029.0
71.0
39.0
25.0
-185.0
17.0
269.0
-259.0
151.0
55.0
-155.0
313.0
183.0
-449.0
41.0
-299.0
227.0
-905.0
1103.0
-1069.0
1055.0
-335.0
183.0
-209.0
733.0
-911.0
-307.0
131.0
331.0
431.0
201.0
923.0
301.0
303.0
-325.0
-243.0
145.0
187.0
-399.0
-463.0
343.0
-469.0
-459.0
-529.0
621.0
351.0
-7.0
-125.0
877.0
97.0
-505.0
563.0
181.0
45.0
949.0
-99.0
699.0
267.0
35.0
275.0
33.0
-625.0
-221.0
-71.0
13.0
-23.0
285.0
499.0
607.0
-245.0
395.0
-69.0
389.0
357.0
393.0
171.0
-185.0
161.0
41.0
377.0
533.0
859.0
963.0
-425.0
-31.0
577.0
-71.0
149.0
-741.0
-633.0
333.0
539.0
-433.0
-713.0
587.0
-419.0
975.0
259.0
-457.0
-159.0
-1213.0
505.0
693.0
373.0
-609.0
447.0
-99.0
-175.0
-345.0
11.0
-713.0
-119.0
87.0
-1401.0
157.0
953.0
-1451.0
559.0
765.0
-73.0
107.0
387.0
-417.0
221.0
243.0
183.0
-443.0
-111.0
391.0
219.0
451.0
515.0
-745.0
467.0
135.0
551.0
201.0
-341.0
1101.0
-261.0
-533.0
215.0
669.0
-47.0
-567.0
-127.0
221.0
-249.0
-39.0
103.0
-99.0
1583.0
-467.0
125.0
-101.0
-825.0
-157.0
23.0
-627.0
125.0
1075.0
-93.0
15.0
-71.0
115.0
-467.0
-637.0
103.0
369.0
621.0
385.0
369.0
-1331.0
437.0
1245.0
-529.0
717.0
-319.0
-655.0
917.0
-623.0
391.0
277.0
555.0
259.0
1075.0
659.0
-143.0
1245.0
-353.0
187.0
-145.0
-679.0
581.0
-457.0
-219.0
-327.0
-107.0
-543.0
-153.0
-91.0
-1041.0
405.0
-155.0
-979.0
305.0
369.0
155.0
787.0
225.0
-501.0
663.0
57.0
-551.0
-151.0
-1219.0
-29.0
-311.0
-1095.0
-617.0
933.0
97.0
-181.0
-675.0
731.0
721.0
573.0
29.0
457.0
-749.0
-769.0
707.0
173.0
495.0
-471.0
645.0
567.0
349.0
319.0
-379.0
-15.0
23.0
767.0
319.0
-541.0
-159.0
-1407.0
769.0
-301.0
919.0
-327.0
-169.0
625.0
121.0
-325.0
-495.0
127.0
-173.0
3.0
225.0
459.0
593.0
25.0
-137.0
-83.0
-51.0
-525.0
-413.0
-77.0
-31.0
-241.0
199.0
-265.0
31.0
-197.0
-275.0
201.0
-425.0
889.0
-345.0
-417.0
139.0
-23.0
49.0
169.0
-309.0
-717.0
379.0
149.0
-701.0
401.0
997.0
-1027.0
-507.0
-351.0
691.0
-389.0
-327.0
-345.0
-143.0
561.0
455.0
883.0
311.0
-157.0
-553.0
-607.0
151.0
-131.0
31.0
1015.0
575.0
-107.0
-621.0
357.0
-241.0
-203.0
-221.0
835.0
405.0
-807.0
-691.0
1227.0
-747.0
189.0
159.0
-811.0
271.0
383.0
193.0
-611.0
-303.0
-761.0
213.0
-215.0
-141.0
-133.0
301.0
-283.0
1033.0
-173.0
-19.0
199.0
-539.0
-361.0
83.0
-349.0
217.0
-805.0
-811.0
-805.0
719.0
873.0
-435.0
383.0
313.0
-55.0
-989.0
335.0
297.0
395.0
-5.0
65.0
517.0
685.0
707.0
-911.0
-687.0
1061.0
-337.0
-87.0
-217.0
-127.0
-693.0
-827.0
-79.0
-423.0
239.0
55.0
413.0
287.0
-545.0
425.0
-73.0
-59.0
-845.0
457.0
251.0
-481.0
621.0
783.0
-437.0
605.0
-1129.0
-109.0
337.0
-201.0
509.0
113.0
937.0
101.0
341.0
-253.0
167.0
419.0
-719.0
627.0
565.0
-277.0
515.0
319.0
937.0
219.0
217.0
413.0
67.0
-185.0
-599.0
-313.0
-55.0
-235.0
-413.0
-65.0
-421.0
697.0
-57.0
215.0
143.0
-333.0
-195.0
1089.0
209.0
565.0
73.0
151.0
-273.0
-951.0
-149.0
445.0
-501.0
421.0
31.0
-979.0
-175.0
257.0
-301.0
251.0
-421.0
1033.0
-261.0
593.0
855.0
-439.0
-679.0
1015.0
381.0
45.0
353.0
-927.0
-509.0
17.0
557.0
321.0
-93.0
453.0
-805.0
-139.0
-1129.0
-415.0
19.0
-853.0
81.0
-347.0
451.0
387.0
-563.0
369.0
365.0
415.0
259.0
1.0
385.0
-1405.0
303.0
-43.0
1017.0
-601.0
-841.0
1273.0
413.0
-293.0
-157.0
-737.0
-129.0
165.0
401.0
253.0
365.0
-87.0
-275.0
89.0
-693.0
-455.0
81.0
281.0
309.0
143.0
-17.0
-81.0
1069.0
-757.0
-1427.0
93.0
471.0
697.0
541.0
-73.0
427.0
-675.0
-179.0
949.0
221.0
-403.0
-191.0
161.0
-473.0
309.0
313.0
-105.0
47.0
97.0
467.0
1045.0
-727.0
-697.0
-289.0
-453.0
751.0
-103.0
-405.0
-311.0
-27.0
313.0
-99.0
-325.0
295.0
75.0
-551.0
515.0
1019.0
-349.0
-419.0
297.0
-1063.0
-75.0
-789.0
317.0
977.0
853.0
565.0
129.0
385.0
-381.0
-963.0
575.0
-31.0
-351.0
73.0
-83.0
5.0
239.0
287.0
613.0
-69.0
-259.0
1197.0
53.0
207.0
-111.0
373.0
-321.0
-645.0
125.0
605.0
911.0
-501.0
85.0
-817.0
81.0
-549.0
-341.0
269.0
413.0
-557.0
-181.0
237.0
601.0
439.0
987.0
-139.0
-703.0
-169.0
1287.0
15.0
919.0
-89.0
-969.0
139.0
333.0
219.0
233.0
397.0
769.0
-113.0
1.0
173.0
-941.0
-815.0
-373.0
43.0
-31.0
629.0
-775.0
1083.0
1021.0
477.0
-275.0
-167.0
-353.0
177.0
-857.0
431.0
295.0
843.0
137.0
-77.0
223.0
5.0
257.0
-71.0
459.0
-57.0
-1169.0
569.0
-413.0
417.0
-453.0
-425.0
-251.0
987.0
101.0
-115.0
149.0
197.0
405.0
321.0
53.0
-77.0
475.0
-51.0
25.0
317.0
-95.0
667.0
-491.0
701.0
1013.0
-947.0
441.0
-615.0
653.0
-123.0
-143.0
-239.0
467.0
-55.0
-7.0
195.0
413.0
277.0
-1041.0
749.0
-399.0
517.0
607.0
991.0
-293.0
-187.0
-19.0
535.0
243.0
167.0
-229.0
-147.0
389.0
-249.0
-783.0
487.0
619.0
373.0
275.0
-473.0
1.0
321.0
171.0
-255.0
403.0
-45.0
787.0
-415.0
-889.0
-815.0
-467.0
-199.0
95.0
-527.0
-77.0
349.0
-317.0
483.0
-285.0
-81.0
-431.0
-725.0
-383.0
-77.0
843.0
-1011.0
273.0
439.0
395.0
63.0
355.0
879.0
-649.0
329.0
-321.0
207.0
-235.0
-59.0
359.0
361.0
29.0
345.0
-461.0
-505.0
-315.0
455.0
-969.0
731.0
453.0
-813.0
625.0
-799.0
441.0
361.0
61.0
671.0
123.0
-359.0
495.0
463.0
161.0
329.0
-263.0
-5.0
-279.0
-67.0
-149.0
491.0
-81.0
43.0
67.0
239.0
-1047.0
-533.0
155.0
-341.0
679.0
541.0
-613.0
1103.0
-1013.0
-209.0
427.0
-533.0
33.0
-123.0
377.0
139.0
-85.0
-633.0
-197.0
-247.0
-343.0
493.0
797.0
-117.0
59.0
-779.0
-181.0
-91.0
609.0
-355.0
-971.0
245.0
-31.0
291.0
273.0
-887.0
-1147.0
559.0
-95.0
-671.0
201.0
1001.0
495.0
-249.0
821.0
343.0
397.0
47.0
57.0
-289.0
-73.0
-653.0
-29.0
231.0
-211.0
69.0
-149.0
-325.0
-249.0
-211.0
-431.0
-375.0
-651.0
19.0
-471.0
-567.0
261.0
-541.0
1061.0
-691.0
-327.0
-357.0
207.0
857.0
-913.0
1197.0
-315.0
537.0
173.0
181.0
-221.0
655.0
291.0
769.0
-185.0
429.0
1.0
543.0
623.0
5.0
197.0
-711.0
-771.0
-99.0
-135.0
-955.0
421.0
275.0
25.0
431.0
687.0
227.0
399.0
-403.0
-13.0
-683.0
17.0
-401.0
-675.0
323.0
-343.0
827.0
377.0
201.0
-251.0
-111.0
335.0
237.0
663.0
-1669.0
281.0
15.0
-103.0
-369.0
143.0
969.0
125.0
67.0
209.0
-259.0
163.0
219.0
-45.0
-563.0
-455.0
1173.0
341.0
-293.0
401.0
-215.0
-435.0
-279.0
137.0
605.0
-941.0
275.0
657.0
-177.0
-277.0
-801.0
-665.0
273.0
201.0
181.0
145.0
667.0
291.0
107.0
411.0
341.0
-109.0
-215.0
349.0
23.0
-1351.0
513.0
519.0
105.0
367.0
-183.0
-1121.0
1393.0
31.0
573.0
-61.0
187.0
801.0
421.0
-265.0
541.0
17.0
-939.0
-7.0
833.0
-609.0
925.0
-27.0
-301.0
-119.0
111.0
143.0
61.0
-105.0
-397.0
-839.0
343.0
557.0
-735.0
835.0
-289.0
81.0
-465.0
-535.0
777.0
203.0
559.0
-505.0
-245.0
-65.0
-397.0
-553.0
681.0
461.0
281.0
-475.0
1023.0
-527.0
399.0
403.0
779.0
-501.0
-585.0
-87.0
249.0
-77.0
-657.0
117.0
639.0
-515.0
-131.0
723.0
83.0
-815.0
455.0
-435.0
779.0
-119.0
-157.0
257.0
51.0
331.0
-363.0
217.0
809.0
-255.0
-79.0
-631.0
149.0
715.0
-867.0
205.0
-113.0
-517.0
-119.0
-959.0
451.0
-119.0
1031.0
57.0
-109.0
791.0
25.0
-777.0
5.0
143.0
-403.0
1261.0
-125.0
-327.0
-413.0
-407.0
913.0
-207.0
-311.0
1261.0
-473.0
-437.0
279.0
881.0
-337.0
-35.0
611.0
-181.0
397.0
-137.0
-123.0
-13.0
563.0
503.0
75.0
359.0
-119.0
-269.0
271.0
275.0
-21.0
-55.0
829.0
63.0
703.0
-47.0
-513.0
-491.0
627.0
753.0
-247.0
759.0
137.0
37.0
53.0
103.0
-1619.0
267.0
99.0
821.0
-847.0
-133.0
-429.0
-193.0
-183.0
-297.0
395.0
447.0
485.0
349.0
853.0
265.0
625.0
-521.0
-483.0
-69.0
827.0
-97.0
-125.0
121.0
-581.0
-429.0
-337.0
-557.0
519.0
159.0
313.0
719.0
465.0
-337.0
-567.0
317.0
117.0
-849.0
87.0
533.0
-53.0
-7.0
83.0
-939.0
203.0
137.0
-77.0
693.0
205.0
11.0
-439.0
741.0
-591.0
-71.0
415.0
487.0
-173.0
401.0
311.0
29.0
-37.0
-435.0
-565.0
-301.0
-81.0
669.0
-355.0
-823.0
-693.0
-1235.0
-219.0
-45.0
899.0
-65.0
201.0
-65.0
297.0
373.0
27.0
-505.0
-1169.0
597.0
129.0
-133.0
-91.0
-151.0
351.0
-331.0
-533.0
237.0
195.0
927.0
-403.0
251.0
-25.0
235.0
-937.0
-449.0
-1099.0
427.0
1459.0
555.0
29.0
701.0
353.0
121.0
-175.0
213.0
-635.0
-79.0
-443.0
-85.0
-327.0
-239.0
151.0
67.0
21.0
571.0
-241.0
-697.0
-39.0
-299.0
77.0
537.0
-57.0
21.0
-215.0
-141.0
581.0
-889.0
-147.0
-1289.0
-851.0
-1097.0
973.0
-197.0
-875.0
931.0
663.0
-969.0
695.0
-885.0
-61.0
235.0
-383.0
-297.0
415.0
643.0
-391.0
-535.0
-525.0
-381.0
-133.0
573.0
-519.0
341.0
-279.0
49.0
-217.0
-357.0
-805.0
157.0
1087.0
575.0
-545.0
-835.0
381.0
-531.0
627.0
539.0
-509.0
1195.0
-495.0
-245.0
571.0
-295.0
-929.0
679.0
-161.0
317.0
563.0
-1033.0
-401.0
67.0
513.0
-195.0
429.0
37.0
397.0
-301.0
81.0
117.0
-291.0
-565.0
255.0
-25.0
-167.0
635.0
-197.0
53.0
971.0
-165.0
-353.0
-127.0
555.0
-323.0
227.0
-755.0
-1053.0
-185.0
-789.0
943.0
453.0
737.0
79.0
1.0
-1077.0
115.0
-179.0
-531.0
-53.0
-311.0
203.0
775.0
623.0
73.0
93.0
29.0
-509.0
901.0
689.0
-141.0
-151.0
-645.0
-301.0
213.0
1149.0
-871.0
-335.0
-131.0
409.0
-313.0
-455.0
-279.0
247.0
891.0
1229.0
-37.0
415.0
-81.0
-599.0
-183.0
793.0
-677.0
241.0
-573.0
221.0
-609.0
357.0
197.0
-413.0
-211.0
-183.0
-851.0
845.0
-543.0
187.0
-133.0
1117.0
-103.0
-501.0
-1043.0
587.0
-113.0
1345.0
169.0
763.0
-145.0
651.0
-797.0
191.0
-775.0
471.0
-749.0
81.0
-191.0
-81.0
839.0
87.0
159.0
871.0
-481.0
267.0
335.0
465.0
-1023.0
-561.0
-385.0
-21.0
331.0
-163.0
325.0
1381.0
-183.0
-501.0
-79.0
237.0
-331.0
-1.0
779.0
-217.0
579.0
135.0
-365.0
621.0
17.0
153.0
-291.0
-351.0
691.0
905.0
-477.0
117.0
-771.0
-3.0
-371.0
-785.0
337.0
115.0
-445.0
-443.0
-499.0
-519.0
93.0
93.0
579.0
211.0
103.0
-189.0
99.0
177.0
-817.0
-127.0
435.0
-235.0
-71.0
655.0
-257.0
1.0
407.0
261.0
625.0
825.0
-257.0
321.0
-325.0
-379.0
-263.0
-553.0
-233.0
-301.0
-121.0
531.0
443.0
-149.0
547.0
741.0
375.0
-453.0
83.0
-233.0
691.0
93.0
-247.0
-377.0
467.0
179.0
1185.0
257.0
-561.0
-637.0
169.0
363.0
445.0
87.0
233.0
-325.0
-5.0
873.0
183.0
87.0
-101.0
465.0
-181.0
49.0
-237.0
459.0
65.0
-893.0
993.0
223.0
-851.0
-421.0
-339.0
469.0
-29.0
391.0
105.0
-345.0
-805.0
255.0
377.0
287.0
-691.0
225.0
1091.0
537.0
323.0
-219.0
729.0
-319.0
411.0
-327.0
489.0
-803.0
591.0
405.0
397.0
-213.0
-323.0
-689.0
587.0
111.0
-523.0
127.0
295.0
715.0
-405.0
-855.0
283.0
-187.0
-215.0
-41.0
93.0
329.0
-21.0
1159.0
25.0
643.0
523.0
-21.0
187.0
-231.0
-307.0
-617.0
-525.0
-315.0
-49.0
279.0
-527.0
547.0
-813.0
-191.0
271.0
449.0
-845.0
-257.0
-823.0
-301.0
-533.0
-181.0
-345.0
337.0
843.0
393.0
-199.0
-1689.0
105.0
627.0
-219.0
-365.0
-215.0
-485.0
-221.0
-615.0
-379.0
-85.0
-63.0
-665.0
-327.0
497.0
405.0
807.0
341.0
533.0
427.0
-347.0
-207.0
-65.0
-109.0
-697.0
717.0
-287.0
-429.0
1127.0
517.0
103.0
-31.0
293.0
-247.0
-553.0
507.0
327.0
255.0
-899.0
-179.0
115.0
799.0
171.0
203.0
-367.0
853.0
-191.0
-605.0
617.0
773.0
-721.0
135.0
-501.0
-775.0
-1185.0
113.0
-147.0
-689.0
539.0
437.0
863.0
477.0
-407.0
-35.0
-571.0
1005.0
-435.0
663.0
263.0
843.0
-379.0
545.0
629.0
-717.0
-1001.0
-709.0
211.0
-373.0
-625.0
1209.0
-255.0
489.0
-215.0
-173.0
-111.0
-363.0
-935.0
69.0
229.0
-209.0
-453.0
409.0
335.0
-65.0
-159.0
-271.0
499.0
-913.0
29.0
217.0
899.0
49.0
117.0
21.0
-669.0
-1031.0
-51.0
15.0
-341.0
343.0
431.0
157.0
251.0
-49.0
159.0
581.0
433.0
1325.0
-225.0
717.0
93.0
-77.0
-443.0
101.0
259.0
9.0
-137.0
1079.0
-81.0
1189.0
281.0
247.0
819.0
-211.0
-533.0
-307.0
-51.0
17.0
-795.0
-317.0
343.0
159.0
575.0
-113.0
919.0
-323.0
117.0
415.0
-449.0
203.0
139.0
389.0
-219.0
-969.0
-149.0
-477.0
-471.0
3.0
667.0
131.0
-669.0
625.0
511.0
407.0
-337.0
131.0
689.0
-181.0
-199.0
787.0
-575.0
-301.0
97.0
-521.0
577.0
-175.0
-871.0
-515.0
217.0
1045.0
-547.0
-385.0
99.0
-137.0
-647.0
-631.0
-425.0
-17.0
711.0
711.0
-519.0
-153.0
-123.0
-251.0
-427.0
-1265.0
-379.0
723.0
-463.0
-31.0
-637.0
207.0
49.0
93.0
-209.0
505.0
1057.0
1027.0
113.0
-271.0
345.0
173.0
-17.0
-679.0
87.0
-291.0
-331.0
-309.0
171.0
421.0
-227.0
69.0
213.0
261.0
-1055.0
-215.0
-1371.0
-355.0
455.0
693.0
655.0
-341.0
283.0
301.0
-121.0
-179.0
-81.0
-11.0
71.0
103.0
375.0
-1.0
-557.0
831.0
-43.0
427.0
-339.0
-631.0
-137.0
-571.0
629.0
223.0
375.0
1083.0
529.0
-383.0
-317.0
873.0
-289.0
-37.0
11.0
667.0
-389.0
199.0
173.0
39.0
761.0
435.0
209.0
139.0
1129.0
-247.0
-455.0
-191.0
-479.0
563.0
-33.0
-299.0
-151.0
-55.0
-829.0
153.0
-241.0
-31.0
267.0
381.0
-111.0
-309.0
-147.0
-325.0
487.0
513.0
385.0
-179.0
269.0
-141.0
625.0
-211.0
-89.0
-167.0
1.0
1015.0
659.0
529.0
215.0
-279.0
501.0
379.0
-579.0
291.0
9.0
-87.0
71.0
-11.0
-1167.0
-665.0
-1025.0
-725.0
595.0
713.0
401.0
203.0
509.0
557.0
-391.0
381.0
43.0
537.0
-287.0
-91.0
-491.0
-13.0
553.0
-303.0
-77.0
475.0
-831.0
311.0
321.0
969.0
199.0
33.0
975.0
-1335.0
-297.0
-3.0
-109.0
-39.0
141.0
-147.0
759.0
229.0
-911.0
333.0
119.0
611.0
-187.0
403.0
-349.0
-1.0
273.0
259.0
-41.0
-751.0
-211.0
757.0
-325.0
-119.0
-299.0
133.0
301.0
-25.0
-57.0
327.0
393.0
699.0
481.0
-599.0
-375.0
229.0
-1139.0
491.0
165.0
279.0
-395.0
569.0
71.0
-467.0
-511.0
249.0
-299.0
-405.0
9.0
-83.0
-475.0
299.0
-203.0
-951.0
313.0
-13.0
1323.0
-689.0
-55.0
-907.0
9.0
215.0
589.0
-377.0
-281.0
1101.0
455.0
-15.0
293.0
523.0
291.0
-311.0
19.0
-891.0
-387.0
221.0
1071.0
323.0
-575.0
-537.0
11.0
71.0
527.0
-605.0
367.0
-185.0
1185.0
541.0
155.0
-953.0
375.0
-13.0
147.0
17.0
413.0
689.0
-653.0
169.0
215.0
139.0
-683.0
147.0
331.0
541.0
-273.0
-245.0
23.0
-249.0
-567.0
693.0
-489.0
339.0
701.0
301.0
-89.0
155.0
-25.0
177.0
145.0
511.0
-245.0
599.0
117.0
-861.0
1215.0
543.0
-295.0
67.0
211.0
-413.0
-403.0
215.0
-273.0
643.0
-383.0
1513.0
677.0
-373.0
121.0
467.0
-55.0
391.0
253.0
-557.0
-185.0
-535.0
293.0
-61.0
-279.0
1075.0
-183.0
369.0
159.0
-411.0
-191.0
209.0
-1243.0
755.0
-91.0
-1543.0
-81.0
265.0
-371.0
271.0
55.0
181.0
347.0
501.0
677.0
141.0
-229.0
59.0
-249.0
-537.0
611.0
619.0
465.0
-183.0
339.0
495.0
493.0
-51.0
-181.0
-819.0
515.0
1.0
359.0
-869.0
573.0
465.0
-21.0
-255.0
-67.0
-263.0
-335.0
-77.0
-331.0
223.0
-119.0
143.0
-785.0
173.0
485.0
-861.0
205.0
-105.0
281.0
569.0
175.0
831.0
967.0
507.0
-731.0
863.0
-899.0
533.0
1197.0
589.0
-175.0
87.0
753.0
77.0
67.0
679.0
349.0
377.0
129.0
-237.0
439.0
9.0
-611.0
697.0
75.0
483.0
657.0
-739.0
-29.0
1423.0
407.0
-301.0
-381.0
311.0
-475.0
221.0
-175.0
-117.0
-149.0
-493.0
-375.0
173.0
-35.0
-325.0
-1209.0
35.0
-631.0
-249.0
-315.0
7.0
897.0
-221.0
175.0
-55.0
-309.0
99.0
-1015.0
-269.0
-107.0
-811.0
-109.0
1083.0
577.0
-53.0
713.0
-99.0
-623.0
95.0
-281.0
-263.0
47.0
-589.0
105.0
289.0
-825.0
-207.0
643.0
111.0
-203.0
-69.0
-259.0
673.0
-349.0
-71.0
-197.0
-47.0
417.0
-147.0
205.0
433.0
133.0
-495.0
867.0
-745.0
991.0
265.0
-375.0
127.0
89.0
403.0
-91.0
-287.0
365.0
-451.0
149.0
19.0
337.0
91.0
99.0
187.0
99.0
39.0
115.0
655.0
-245.0
593.0
-253.0
-455.0
655.0
-637.0
139.0
-25.0
-1249.0
523.0
-473.0
-259.0
27.0
73.0
447.0
-539.0
-595.0
203.0
775.0
-153.0
-277.0
629.0
-959.0
-947.0
3.0
347.0
-371.0
-527.0
523.0
681.0
-261.0
-513.0
245.0
167.0
-267.0
377.0
57.0
-335.0
-561.0
-311.0
409.0
-45.0
273.0
-73.0
249.0
499.0
-611.0
-349.0
-1523.0
-171.0
-1373.0
227.0
145.0
479.0
-1345.0
23.0
-313.0
741.0
7.0
-127.0
-279.0
1309.0
-551.0
-59.0
-17.0
867.0
209.0
-367.0
-113.0
419.0
507.0
-451.0
113.0
481.0
239.0
-701.0
-1267.0
79.0
819.0
515.0
471.0
631.0
431.0
497.0
-167.0
-311.0
-107.0
-49.0
-267.0
-127.0
737.0
13.0
93.0
257.0
535.0
21.0
-449.0
263.0
-1229.0
-439.0
419.0
55.0
-445.0
-631.0
-225.0
423.0
703.0
137.0
381.0
437.0
-135.0
-1099.0
-159.0
357.0
-221.0
-123.0
-125.0
23.0
-531.0
-9.0
375.0
111.0
-145.0
187.0
-441.0
-5.0
-133.0
289.0
279.0
807.0
337.0
-67.0
275.0
653.0
313.0
871.0
-519.0
-87.0
229.0
-1111.0
-121.0
-427.0
87.0
-157.0
-161.0
47.0
-631.0
331.0
-919.0
827.0
277.0
-321.0
-251.0
343.0
651.0
1291.0
-105.0
-707.0
323.0
733.0
187.0
27.0
-113.0
-221.0
-301.0
855.0
-771.0
-155.0
-541.0
417.0
33.0
13.0
113.0
-489.0
301.0
19.0
213.0
-739.0
-109.0
-123.0
199.0
69.0
-545.0
-171.0
155.0
885.0
565.0
-719.0
-551.0
-19.0
911.0
19.0
-889.0
-685.0
-637.0
47.0
557.0
449.0
289.0
-1407.0
87.0
383.0
553.0
281.0
-329.0
-499.0
29.0
43.0
-171.0
-205.0
13.0
-199.0
-247.0
-15.0
-1271.0
-671.0
421.0
-99.0
-369.0
-245.0
-217.0
-283.0
431.0
1103.0
725.0
-661.0
-437.0
-107.0
-465.0
495.0
39.0
-21.0
5.0
-265.0
273.0
-373.0
117.0
53.0
1071.0
-339.0
655.0
-201.0
-561.0
87.0
-1027.0
-369.0
297.0
-117.0
11.0
149.0
13.0
-635.0
643.0
-33.0
-345.0
-681.0
-493.0
485.0
-353.0
-181.0
861.0
-491.0
585.0
-677.0
-421.0
-405.0
-435.0
549.0
669.0
337.0
157.0
437.0
-251.0
243.0
91.0
-139.0
425.0
371.0
-589.0
295.0
123.0
-209.0
35.0
-335.0
467.0
165.0
-137.0
-147.0
243.0
629.0
-163.0
-63.0
-199.0
389.0
-477.0
-311.0
185.0
57.0
441.0
-99.0
11.0
-89.0
1167.0
163.0
-691.0
141.0
545.0
771.0
629.0
-767.0
-41.0
-291.0
285.0
-381.0
-51.0
-287.0
-233.0
13.0
-1161.0
-561.0
-211.0
-523.0
9.0
477.0
-1261.0
-237.0
1017.0
57.0
-569.0
299.0
-443.0
493.0
-281.0
607.0
-91.0
-731.0
-61.0
175.0
-623.0
201.0
-631.0
391.0
-143.0
-491.0
473.0
-393.0
-801.0
-133.0
-287.0
381.0
-627.0
1015.0
177.0
-643.0
-547.0
763.0
-509.0
283.0
107.0
367.0
555.0
-77.0
661.0
-563.0
331.0
-175.0
-125.0
-493.0
75.0
-995.0
181.0
9.0
-347.0
-75.0
-461.0
-255.0
-347.0
439.0
-551.0
-769.0
103.0
205.0
-263.0
341.0
325.0
5.0
-453.0
-319.0
489.0
165.0
123.0
-43.0
647.0
-111.0
341.0
-281.0
495.0
419.0
-325.0
179.0
355.0
243.0
767.0
-21.0
-569.0
-41.0
-503.0
-19.0
311.0
-249.0
-193.0
9.0
513.0
-413.0
-231.0
873.0
-847.0
933.0
421.0
-115.0
-109.0
379.0
-131.0
189.0
-421.0
13.0
-23.0
-1123.0
-209.0
269.0
-63.0
53.0
307.0
567.0
163.0
421.0
133.0
-155.0
845.0
-35.0
331.0
479.0
537.0
261.0
-111.0
-465.0
645.0
597.0
9.0
45.0
35.0
-365.0
1197.0
-1137.0
597.0
-517.0
467.0
-123.0
-313.0
749.0
-275.0
63.0
-543.0
23.0
349.0
279.0
439.0
-939.0
529.0
-179.0
89.0
-675.0
367.0
-283.0
33.0
987.0
85.0
761.0
507.0
691.0
-519.0
-863.0
83.0
349.0
-271.0
63.0
453.0
-471.0
79.0
1109.0
497.0
-339.0
473.0
-359.0
123.0
1163.0
-193.0
951.0
699.0
367.0
267.0
271.0
-381.0
-567.0
-645.0
255.0
-53.0
295.0
771.0
-547.0
-103.0
265.0
85.0
205.0
573.0
-57.0
215.0
-605.0
485.0
551.0
-445.0
461.0
187.0
-441.0
-43.0
363.0
63.0
-715.0
-543.0
43.0
-585.0
373.0
-323.0
-179.0
209.0
-91.0
111.0
115.0
-447.0
503.0
451.0
-585.0
1159.0
407.0
411.0
-663.0
467.0
377.0
-21.0
1243.0
151.0
1307.0
299.0
-155.0
613.0
-375.0
-631.0
-137.0
85.0
27.0
-359.0
375.0
-177.0
751.0
-677.0
87.0
-61.0
7.0
-125.0
-191.0
41.0
143.0
213.0
-999.0
113.0
751.0
-241.0
-55.0
-423.0
963.0
667.0
375.0
-393.0
-597.0
167.0
347.0
911.0
505.0
835.0
-109.0
-569.0
461.0
653.0
-653.0
-127.0
393.0
245.0
-173.0
207.0
-737.0
137.0
579.0
-551.0
155.0
-1.0
-429.0
147.0
283.0
-35.0
919.0
-305.0
-263.0
-733.0
-7.0
-461.0
-289.0
-17.0
-143.0
235.0
-91.0
765.0
247.0
261.0
855.0
143.0
-523.0
-127.0
-715.0
-295.0
311.0
-107.0
261.0
-363.0
381.0
47.0
371.0
-495.0
-55.0
-173.0
-109.0
677.0
-39.0
353.0
149.0
37.0
-367.0
-239.0
-215.0
177.0
-209.0
-915.0
-181.0
-237.0
71.0
-697.0
395.0
303.0
507.0
685.0
-663.0
-227.0
613.0
-33.0
435.0
213.0
-319.0
93.0
499.0
3.0
633.0
317.0
-281.0
1497.0
-3.0
-421.0
803.0
197.0
69.0
-263.0
85.0
-583.0
267.0
-149.0
-225.0
807.0
669.0
-183.0
-853.0
-637.0
-825.0
639.0
-233.0
95.0
531.0
457.0
113.0
-151.0
15.0
573.0
-17.0
-17.0
87.0
-1275.0
-235.0
-109.0
-47.0
-315.0
33.0
-175.0
-827.0
43.0
3.0
223.0
-989.0
-361.0
273.0
-929.0
-79.0
-587.0
23.0
-527.0
-441.0
-383.0
1087.0
-93.0
-91.0
-923.0
343.0
-435.0
239.0
181.0
57.0
423.0
183.0
-647.0
803.0
433.0
-61.0
281.0
85.0
-441.0
685.0
357.0
151.0
437.0
791.0
135.0
167.0
-481.0
455.0
-225.0
317.0
99.0
175.0
-773.0
49.0
357.0
-25.0
353.0
243.0
-259.0
171.0
239.0
-75.0
-773.0
-629.0
669.0
67.0
249.0
-945.0
681.0
-59.0
383.0
241.0
21.0
291.0
-23.0
-703.0
-575.0
259.0
-641.0
-555.0
-565.0
395.0
-533.0
97.0
-215.0
-119.0
463.0
-779.0
-15.0
-295.0
-83.0
-57.0
-837.0
-115.0
-811.0
575.0
271.0
-227.0
-275.0
-395.0
415.0
93.0
-97.0
615.0
769.0
483.0
-777.0
-79.0
487.0
-539.0
545.0
1147.0
657.0
289.0
-361.0
-491.0
-35.0
-265.0
435.0
481.0
-53.0
-53.0
-511.0
-869.0
-605.0
-545.0
229.0
181.0
131.0
27.0
155.0
-855.0
-33.0
135.0
191.0
-527.0
-1143.0
263.0
483.0
-97.0
221.0
-1239.0
173.0
213.0
365.0
-121.0
167.0
97.0
145.0
-185.0
769.0
-153.0
-11.0
645.0
159.0
-393.0
143.0
811.0
315.0
1051.0
-199.0
-1115.0
489.0
-589.0
-297.0
-361.0
-191.0
157.0
-319.0
-17.0
-477.0
557.0
-93.0
27.0
-169.0
793.0
-405.0
455.0
121.0
645.0
-43.0
379.0
-737.0
-163.0
671.0
647.0
171.0
-77.0
181.0
-83.0
267.0
911.0
-621.0
485.0
-1687.0
329.0
19.0
97.0
-821.0
-225.0
217.0
-713.0
913.0
131.0
-173.0
593.0
309.0
-91.0
97.0
397.0
973.0
193.0
-181.0
-199.0
-119.0
-319.0
679.0
-509.0
-489.0
1219.0
-125.0
319.0
-51.0
-925.0
-445.0
-585.0
493.0
-695.0
-425.0
-455.0
-171.0
495.0
-885.0
347.0
991.0
75.0
199.0
89.0
663.0
-357.0
-561.0
157.0
197.0
389.0
253.0
363.0
-167.0
-73.0
93.0
-251.0
-285.0
-371.0
-201.0
-625.0
253.0
29.0
797.0
-765.0
-327.0
117.0
-39.0
-643.0
-671.0
-283.0
-65.0
371.0
47.0
855.0
29.0
497.0
-317.0
-489.0
115.0
37.0
-585.0
-307.0
421.0
-61.0
-339.0
-27.0
553.0
-507.0
-283.0
605.0
-439.0
311.0
279.0
171.0
-81.0
745.0
837.0
357.0
869.0
411.0
97.0
-215.0
417.0
413.0
-125.0
-451.0
223.0
871.0
943.0
257.0
-479.0
155.0
113.0
207.0
415.0
-175.0
-523.0
231.0
-239.0
143.0
-929.0
-485.0
-87.0
-1263.0
151.0
-363.0
-393.0
493.0
51.0
155.0
-379.0
199.0
-23.0
27.0
-291.0
-165.0
-365.0
-349.0
-161.0
-625.0
-57.0
525.0
775.0
115.0
-1347.0
-405.0
-353.0
-351.0
337.0
359.0
1443.0
-193.0
5.0
1071.0
-711.0
-411.0
-141.0
685.0
-43.0
631.0
469.0
257.0
239.0
-53.0
75.0
99.0
829.0
-179.0
143.0
79.0
-991.0
271.0
231.0
-49.0
-279.0
117.0
317.0
105.0
127.0
29.0
333.0
865.0
581.0
-223.0
277.0
39.0
-163.0
591.0
67.0
607.0
-253.0
-343.0
-121.0
369.0
-165.0
311.0
847.0
-441.0
587.0
-203.0
545.0
-375.0
-103.0
-227.0
-359.0
413.0
85.0
209.0
725.0
-11.0
-311.0
-447.0
-53.0
-349.0
297.0
-687.0
285.0
-395.0
-509.0
-17.0
483.0
-103.0
-35.0
57.0
-287.0
-71.0
635.0
-873.0
311.0
-511.0
-95.0
-523.0
639.0
-649.0
379.0
-363.0
249.0
791.0
71.0
-367.0
-563.0
11.0
-11.0
-1193.0
-497.0
79.0
-567.0
507.0
-7.0
65.0
1285.0
-777.0
-305.0
607.0
-1697.0
-971.0
187.0
-351.0
309.0
765.0
-879.0
-155.0
-527.0
187.0
-109.0
-373.0
15.0
485.0
-249.0
685.0
495.0
-591.0
-111.0
-741.0
67.0
955.0
43.0
187.0
-219.0
9.0
1.0
-355.0
657.0
-581.0
999.0
-559.0
219.0
903.0
-315.0
-409.0
-215.0
511.0
-17.0
935.0
163.0
581.0
47.0
-437.0
823.0
-387.0
87.0
-171.0
-1143.0
137.0
437.0
-27.0
329.0
-769.0
-693.0
227.0
379.0
317.0
-613.0
-521.0
-159.0
213.0
-77.0
421.0
-165.0
-545.0
-259.0
-197.0
673.0
-435.0
745.0
-1433.0
-631.0
-227.0
-417.0
323.0
841.0
-303.0
-903.0
-121.0
-249.0
243.0
-327.0
393.0
299.0
-455.0
277.0
-95.0
-121.0
-355.0
-69.0
-635.0
-159.0
1025.0
827.0
615.0
-657.0
-65.0
-795.0
17.0
-289.0
565.0
-393.0
583.0
407.0
-519.0
-361.0
-649.0
15.0
77.0
-769.0
-1.0
689.0
29.0
-929.0
25.0
-3.0
-157.0
-91.0
335.0
533.0
11.0
73.0
375.0
33.0
347.0
-641.0
3.0
55.0
95.0
-1067.0
-721.0
339.0
-95.0
567.0
17.0
537.0
57.0
-55.0
-341.0
355.0
195.0
751.0
-381.0
-67.0
-365.0
401.0
-599.0
471.0
389.0
239.0
387.0
-597.0
411.0
-5.0
541.0
197.0
139.0
81.0
133.0
-531.0
515.0
-21.0
-579.0
-1035.0
-715.0
163.0
121.0
139.0
175.0
-439.0
-57.0
129.0
379.0
-433.0
287.0
185.0
755.0
329.0
-755.0
5.0
-979.0
607.0
-381.0
161.0
-153.0
-283.0
-451.0
611.0
-359.0
-3.0
171.0
553.0
123.0
-481.0
-221.0
771.0
609.0
207.0
267.0
-59.0
-135.0
481.0
-83.0
-161.0
-343.0
-131.0
247.0
-709.0
-727.0
-523.0
205.0
-221.0
-237.0
277.0
885.0
161.0
21.0
-547.0
507.0
-297.0
-557.0
-357.0
493.0
-301.0
407.0
67.0
-543.0
-83.0
351.0
223.0
235.0
-221.0
1127.0
-163.0
-985.0
-805.0
-371.0
31.0
-1261.0
-297.0
561.0
283.0
1073.0
-85.0
245.0
-495.0
-161.0
-387.0
571.0
391.0
-835.0
-605.0
-1.0
-985.0
-491.0
71.0
-617.0
659.0
87.0
-559.0
487.0
43.0
187.0
847.0
-1349.0
595.0
31.0
-755.0
293.0
393.0
571.0
-131.0
615.0
17.0
797.0
-179.0
543.0
-163.0
797.0
-113.0
-425.0
-107.0
293.0
355.0
1077.0
39.0
471.0
459.0
-419.0
321.0
67.0
-281.0
-573.0
137.0
-489.0
-53.0
-523.0
147.0
-23.0
113.0
57.0
511.0
-151.0
-563.0
-1065.0
-401.0
1.0
249.0
653.0
345.0
185.0
659.0
-355.0
-169.0
-375.0
-309.0
357.0
167.0
-989.0
-1047.0
433.0
-333.0
219.0
-571.0
-717.0
-343.0
635.0
455.0
-1137.0
437.0
87.0
759.0
681.0
111.0
95.0
135.0
43.0
165.0
7.0
-67.0
-203.0
317.0
151.0
-1021.0
675.0
-487.0
-449.0
-129.0
127.0
-699.0
-131.0
287.0
265.0
209.0
129.0
7.0
-171.0
-353.0
-87.0
197.0
-165.0
-115.0
253.0
-393.0
-53.0
-181.0
-37.0
119.0
-405.0
-31.0
-79.0
-513.0
351.0
-113.0
409.0
893.0
-195.0
-657.0
243.0
-489.0
417.0
-645.0
767.0
-379.0
613.0
351.0
347.0
49.0
1115.0
-245.0
171.0
-461.0
297.0
393.0
-391.0
9.0
883.0
391.0
-605.0
7.0
753.0
-281.0
533.0
-391.0
-119.0
119.0
625.0
-121.0
549.0
-351.0
-269.0
117.0
337.0
-257.0
-45.0
-469.0
167.0
-505.0
559.0
-411.0
-475.0
-581.0
445.0
411.0
-37.0
107.0
-159.0
-265.0
245.0
-137.0
109.0
-641.0
-313.0
115.0
277.0
-3.0
327.0
-651.0
679.0
791.0
-549.0
63.0
307.0
653.0
19.0
-315.0
-707.0
843.0
-355.0
653.0
-37.0
347.0
157.0
-325.0
-681.0
1081.0
-219.0
333.0
-1037.0
481.0
917.0
-365.0
-53.0
-199.0
-33.0
-173.0
651.0
23.0
-551.0
-837.0
63.0
-15.0
-15.0
-513.0
649.0
213.0
-311.0
-589.0
39.0
97.0
-83.0
-653.0
-543.0
253.0
-291.0
585.0
493.0
19.0
191.0
629.0
-105.0
-233.0
339.0
-123.0
481.0
1041.0
-245.0
1089.0
279.0
-267.0
547.0
-73.0
-591.0
819.0
-139.0
-177.0
-431.0
-137.0
-511.0
-387.0
-281.0
-155.0
45.0
-153.0
-261.0
-1045.0
-359.0
55.0
-403.0
-577.0
9.0
303.0
781.0
-79.0
269.0
477.0
273.0
437.0
243.0
67.0
805.0
597.0
-477.0
339.0
-1.0
-193.0
-601.0
-327.0
695.0
-197.0
-417.0
275.0
315.0
-55.0
1055.0
-7.0
947.0
-45.0
-29.0
463.0
95.0
-69.0
-329.0
463.0
-117.0
17.0
-159.0
1217.0
-65.0
-621.0
201.0
819.0
79.0
803.0
-433.0
-281.0
-331.0
187.0
-455.0
-227.0
-351.0
537.0
347.0
767.0
-469.0
63.0
673.0
701.0
427.0
-273.0
-361.0
-919.0
-271.0
-733.0
-141.0
-425.0
837.0
37.0
429.0
373.0
137.0
465.0
1151.0
3.0
233.0
-617.0
-87.0
91.0
935.0
-623.0
-503.0
-799.0
-409.0
151.0
-525.0
-147.0
-235.0
145.0
-647.0
55.0
393.0
495.0
597.0
-499.0
-381.0
103.0
255.0
-421.0
621.0
-339.0
-71.0
-61.0
-325.0
-59.0
515.0
-509.0
-19.0
-35.0
599.0
63.0
545.0
317.0
643.0
313.0
-873.0
193.0
-245.0
-559.0
-271.0
895.0
-67.0
393.0
357.0
-137.0
-121.0
-457.0
901.0
-223.0
-351.0
799.0
795.0
213.0
-155.0
525.0
57.0
171.0
-261.0
-393.0
-3.0
225.0
505.0
53.0
-449.0
295.0
683.0
733.0
103.0
-599.0
-989.0
-283.0
101.0
-127.0
25.0
-493.0
21.0
249.0
-349.0
-153.0
-601.0
397.0
33.0
901.0
-263.0
-105.0
79.0
73.0
685.0
-357.0
-181.0
681.0
311.0
79.0
-321.0
-227.0
627.0
85.0
-163.0
441.0
239.0
-999.0
149.0
-435.0
-69.0
-229.0
-225.0
427.0
799.0
369.0
831.0
203.0
-171.0
-633.0
311.0
121.0
-401.0
-471.0
-549.0
379.0
709.0
-69.0
997.0
55.0
-235.0
767.0
-381.0
927.0
-437.0
475.0
-863.0
319.0
-127.0
67.0
141.0
-261.0
-1217.0
-1161.0
413.0
747.0
957.0
-657.0
-679.0
127.0
-437.0
361.0
-779.0
-569.0
-1157.0
-291.0
-759.0
-531.0
69.0
211.0
-185.0
-103.0
869.0
-453.0
429.0
263.0
-377.0
701.0
-273.0
-241.0
133.0
63.0
-501.0
1161.0
-237.0
575.0
-731.0
41.0
-319.0
995.0
-153.0
223.0
435.0
-537.0
391.0
163.0
745.0
-655.0
-167.0
547.0
33.0
-901.0
253.0
117.0
-911.0
-887.0
323.0
61.0
-137.0
49.0
-525.0
377.0
263.0
519.0
455.0
41.0
25.0
53.0
371.0
113.0
307.0
-889.0
123.0
-293.0
-273.0
-423.0
-401.0
-453.0
155.0
5.0
467.0
-175.0
-549.0
-655.0
-935.0
157.0
-107.0
-497.0
125.0
375.0
-163.0
-293.0
-269.0
-469.0
-647.0
819.0
925.0
39.0
527.0
-63.0
-127.0
-1281.0
-493.0
45.0
-329.0
169.0
473.0
525.0
-81.0
-199.0
173.0
-301.0
-197.0
607.0
-645.0
-359.0
97.0
-85.0
-931.0
185.0
555.0
-619.0
845.0
107.0
-361.0
357.0
401.0
-201.0
-249.0
317.0
-443.0
347.0
331.0
273.0
913.0
187.0
-511.0
641.0
969.0
453.0
-131.0
749.0
-1347.0
1129.0
1145.0
-617.0
533.0
-41.0
-203.0
97.0
251.0
115.0
-121.0
-233.0
-195.0
-223.0
885.0
177.0
915.0
-969.0
-669.0
-885.0
-607.0
589.0
451.0
-181.0
-3.0
107.0
1027.0
179.0
19.0
323.0
-347.0
541.0
447.0
-59.0
479.0
-777.0
27.0
533.0
617.0
1053.0
95.0
-1173.0
365.0
597.0
153.0
-341.0
-255.0
41.0
831.0
527.0
427.0
-335.0
-297.0
603.0
-621.0
293.0
-9.0
-83.0
151.0
417.0
373.0
337.0
447.0
105.0
353.0
-47.0
-623.0
55.0
219.0
301.0
-153.0
95.0
-181.0
-357.0
-1019.0
-589.0
-239.0
297.0
87.0
389.0
91.0
-241.0
597.0
-293.0
-37.0
691.0
-341.0
-123.0
-511.0
595.0
-217.0
1451.0
339.0
121.0
-661.0
-9.0
807.0
-319.0
-237.0
375.0
-225.0
-341.0
-147.0
-411.0
-75.0
9.0
223.0
-103.0
15.0
-213.0
-873.0
157.0
329.0
-889.0
107.0
-489.0
-447.0
-113.0
193.0
397.0
-283.0
371.0
519.0
-99.0
423.0
-241.0
1003.0
-525.0
-395.0
-489.0
273.0
579.0
617.0
-1287.0
385.0
485.0
-517.0
401.0
201.0
399.0
-1131.0
-253.0
-965.0
-161.0
63.0
-1539.0
-439.0
-143.0
157.0
85.0
13.0
117.0
401.0
369.0
-3.0
-343.0
-799.0
43.0
-117.0
-539.0
-331.0
357.0
-237.0
-181.0
403.0
323.0
585.0
-753.0
81.0
43.0
31.0
-95.0
587.0
-307.0
-657.0
77.0
-175.0
847.0
-209.0
255.0
671.0
959.0
-547.0
-517.0
-213.0
69.0
-461.0
-13.0
321.0
323.0
-253.0
-315.0
-297.0
207.0
-305.0
-681.0
563.0
503.0
695.0
-457.0
-665.0
83.0
669.0
-1253.0
-559.0
-297.0
-223.0
-243.0
-63.0
-287.0
83.0
-743.0
271.0
-465.0
219.0
163.0
321.0
-773.0
-61.0
-161.0
961.0
-321.0
169.0
375.0
109.0
199.0
1231.0
-73.0
691.0
93.0
-47.0
85.0
-1147.0
-201.0
343.0
253.0
-23.0
199.0
595.0
-183.0
-417.0
215.0
253.0
-509.0
-21.0
95.0
-427.0
179.0
-249.0
263.0
433.0
-317.0
-439.0
-265.0
-391.0
5.0
-231.0
131.0
-669.0
463.0
-581.0
423.0
333.0
179.0
219.0
165.0
-31.0
59.0
-345.0
-155.0
215.0
-499.0
79.0
-171.0
127.0
7.0
35.0
399.0
-39.0
-59.0
-87.0
457.0
-77.0
609.0
731.0
165.0
-227.0
995.0
199.0
-749.0
639.0
155.0
-31.0
155.0
811.0
-555.0
313.0
495.0
-161.0
447.0
-127.0
185.0
81.0
411.0
61.0
-449.0
-11.0
423.0
215.0
-95.0
981.0
133.0
79.0
133.0
-391.0
693.0
459.0
367.0
-321.0
1067.0
-157.0
53.0
-5.0
9.0
291.0
-341.0
867.0
-663.0
-233.0
-807.0
241.0
839.0
371.0
-379.0
-289.0
-625.0
1061.0
715.0
-63.0
57.0
387.0
-35.0
-271.0
35.0
-111.0
1043.0
-589.0
813.0
223.0
-671.0
-27.0
673.0
-439.0
-947.0
-533.0
-419.0
-517.0
101.0
809.0
637.0
761.0
-351.0
-549.0
-753.0
653.0
37.0
787.0
-451.0
-817.0
1013.0
-969.0
-305.0
21.0
1249.0
365.0
469.0
-123.0
-25.0
-493.0
695.0
-689.0
373.0
195.0
539.0
-45.0
-1019.0
835.0
-155.0
-507.0
-1039.0
9.0
-395.0
-411.0
593.0
93.0
-227.0
799.0
-247.0
381.0
-99.0
181.0
873.0
-995.0
293.0
341.0
63.0
-87.0
309.0
59.0
-99.0
-263.0
1293.0
-447.0
305.0
61.0
-273.0
-1233.0
-61.0
-183.0
793.0
-1005.0
357.0
689.0
-145.0
-757.0
345.0
-353.0
237.0
555.0
-375.0
-303.0
711.0
-811.0
-107.0
11.0
-407.0
253.0
-431.0
-209.0
-75.0
27.0
-1175.0
-17.0
297.0
-349.0
733.0
-529.0
-405.0
189.0
181.0
99.0
-259.0
595.0
-439.0
-365.0
137.0
-367.0
-233.0
-69.0
189.0
-537.0
811.0
-127.0
-79.0
-331.0
-265.0
207.0
-271.0
-179.0
37.0
369.0
-273.0
117.0
201.0
297.0
233.0
-605.0
205.0
-239.0
-195.0
827.0
141.0
-257.0
-67.0
-261.0
-163.0
183.0
29.0
67.0
-211.0
-375.0
195.0
339.0
-431.0
55.0
163.0
423.0
-289.0
99.0
-341.0
-333.0
-185.0
-839.0
-349.0
-93.0
67.0
-375.0
-815.0
1291.0
159.0
-303.0
-17.0
-55.0
-119.0
81.0
753.0
-101.0
57.0
-47.0
-689.0
-893.0
-727.0
573.0
209.0
507.0
-133.0
-493.0
-219.0
585.0
337.0
-709.0
-523.0
55.0
-645.0
-1287.0
-441.0
-545.0
-419.0
-867.0
565.0
819.0
-357.0
-387.0
-293.0
3.0
581.0
647.0
-985.0
1087.0
-349.0
491.0
-659.0
653.0
833.0
-267.0
-27.0
309.0
-15.0
477.0
225.0
863.0
-25.0
935.0
351.0
-251.0
51.0
703.0
-677.0
-79.0
247.0
167.0
55.0
-233.0
-467.0
-495.0
641.0
-121.0
139.0
207.0
-141.0
129.0
-155.0
359.0
-233.0
411.0
273.0
23.0
-289.0
-199.0
-119.0
1435.0
-681.0
-31.0
49.0
517.0
-273.0
-393.0
81.0
465.0
133.0
-211.0
-105.0
-125.0
903.0
779.0
219.0
-67.0
-201.0
-19.0
-143.0
1057.0
-803.0
83.0
-277.0
-537.0
173.0
491.0
313.0
-563.0
-103.0
-329.0
27.0
-305.0
-351.0
11.0
-719.0
515.0
109.0
-385.0
37.0
487.0
-351.0
-111.0
-201.0
253.0
-7.0
-743.0
-799.0
275.0
423.0
-23.0
41.0
-1237.0
395.0
641.0
-171.0
477.0
105.0
-507.0
73.0
3.0
453.0
61.0
-351.0
381.0
617.0
-421.0
305.0
705.0
389.0
673.0
595.0
-127.0
-141.0
327.0
-651.0
539.0
-299.0
-1081.0
945.0
45.0
-381.0
29.0
-1231.0
-33.0
-1009.0
179.0
27.0
185.0
963.0
211.0
61.0
-993.0
289.0
-915.0
517.0
-213.0
-379.0
285.0
-429.0
-323.0
173.0
797.0
225.0
115.0
-685.0
165.0
67.0
117.0
-203.0
-19.0
927.0
-31.0
-227.0
1429.0
375.0
-1155.0
375.0
5.0
-887.0
-473.0
793.0
-191.0
813.0
-391.0
273.0
-497.0
881.0
241.0
-887.0
575.0
-515.0
-505.0
805.0
-411.0
407.0
-201.0
-603.0
233.0
765.0
703.0
17.0
-851.0
19.0
-125.0
5.0
333.0
-253.0
-257.0
-413.0
457.0
-279.0
-185.0
465.0
-843.0
-143.0
467.0
-745.0
-509.0
421.0
-1103.0
781.0
-267.0
-385.0
-551.0
633.0
297.0
29.0
237.0
-287.0
-101.0
491.0
-1491.0
-177.0
461.0
-261.0
403.0
487.0
229.0
-161.0
-589.0
205.0
-205.0
907.0
985.0
-1263.0
339.0
19.0
843.0
17.0
-937.0
-227.0
1.0
873.0
177.0
-1187.0
-553.0
-233.0
559.0
215.0
267.0
135.0
291.0
297.0
-891.0
949.0
-93.0
217.0
-211.0
159.0
-341.0
-377.0
767.0
-203.0
51.0
601.0
-267.0
-233.0
529.0
-515.0
59.0
385.0
611.0
-397.0
233.0
-237.0
-733.0
811.0
-1099.0
219.0
285.0
79.0
355.0
-141.0
-47.0
-93.0
959.0
-105.0
-371.0
77.0
-191.0
-461.0
-361.0
-21.0
65.0
-407.0
579.0
117.0
265.0
-483.0
677.0
-447.0
-95.0
169.0
-381.0
55.0
-113.0
423.0
157.0
345.0
-165.0
851.0
-65.0
-337.0
163.0
539.0
689.0
317.0
159.0
-431.0
-211.0
195.0
-127.0
1313.0
-605.0
41.0
113.0
-677.0
97.0
-303.0
27.0
1099.0
-233.0
315.0
651.0
187.0
-233.0
-831.0
147.0
-113.0
29.0
-135.0
-91.0
-45.0
661.0
487.0
-35.0
389.0
-515.0
-427.0
625.0
19.0
377.0
-427.0
-367.0
-351.0
539.0
-359.0
597.0
507.0
-379.0
41.0
-287.0
567.0
17.0
83.0
-323.0
451.0
103.0
217.0
-75.0
907.0
-111.0
-241.0
397.0
-205.0
-517.0
833.0
355.0
-491.0
-507.0
-33.0
-1477.0
669.0
-163.0
-293.0
19.0
-99.0
429.0
-929.0
835.0
129.0
-981.0
33.0
-77.0
29.0
37.0
343.0
831.0
-363.0
-651.0
-207.0
-59.0
1797.0
419.0
167.0
-93.0
577.0
1.0
-497.0
415.0
-549.0
-233.0
131.0
-373.0
-661.0
147.0
893.0
223.0
-611.0
-287.0
-893.0
-533.0
115.0
411.0
-665.0
403.0
-501.0
267.0
-635.0
-145.0
-883.0
-551.0
-979.0
43.0
-411.0
201.0
-167.0
205.0
-475.0
-821.0
-191.0
-309.0
-361.0
-691.0
73.0
743.0
367.0
-515.0
-261.0
-939.0
-87.0
89.0
65.0
113.0
743.0
619.0
465.0
-753.0
-619.0
177.0
53.0
-611.0
55.0
-47.0
-761.0
-243.0
-527.0
-291.0
-103.0
681.0
-789.0
-439.0
-169.0
311.0
-793.0
-213.0
-459.0
-289.0
-837.0
993.0
415.0
-415.0
621.0
529.0
-35.0
-671.0
591.0
-109.0
507.0
-415.0
-137.0
-669.0
-381.0
25.0
435.0
557.0
945.0
125.0
741.0
193.0
-611.0
-787.0
79.0
-27.0
-573.0
817.0
485.0
-9.0
219.0
-61.0
35.0
77.0
437.0
-255.0
-35.0
-591.0
215.0
-201.0
251.0
181.0
115.0
1.0
-637.0
11.0
-489.0
325.0
-1165.0
333.0
-861.0
43.0
17.0
597.0
-253.0
237.0
209.0
-747.0
-5.0
-81.0
-483.0
685.0
277.0
489.0
-327.0
-91.0
471.0
643.0
-205.0
75.0
-537.0
-79.0
125.0
997.0
469.0
719.0
13.0
1043.0
-107.0
-99.0
415.0
-107.0
-71.0
969.0
-133.0
559.0
417.0
21.0
147.0
-395.0
297.0
925.0
-115.0
247.0
771.0
-1269.0
621.0
-767.0
-433.0
-235.0
-439.0
383.0
-315.0
-191.0
-689.0
369.0
-161.0
-163.0
-329.0
593.0
223.0
1369.0
271.0
569.0
983.0
-269.0
-35.0
-383.0
-525.0
663.0
-337.0
-159.0
593.0
-833.0
69.0
113.0
189.0
-699.0
-261.0
323.0
127.0
379.0
237.0
-1245.0
389.0
865.0
-327.0
219.0
-19.0
-143.0
127.0
23.0
-53.0
-261.0
-157.0
-55.0
921.0
-445.0
313.0
71.0
-405.0
283.0
-397.0
947.0
549.0
-585.0
429.0
-1179.0
323.0
205.0
155.0
-365.0
-209.0
249.0
-215.0
-143.0
175.0
393.0
-187.0
-423.0
543.0
383.0
309.0
-359.0
-973.0
-1335.0
21.0
-229.0
-651.0
-381.0
643.0
147.0
801.0
49.0
-443.0
-639.0
229.0
-867.0
497.0
647.0
115.0
-847.0
585.0
-123.0
859.0
-435.0
113.0
249.0
-65.0
105.0
-309.0
125.0
-313.0
81.0
-87.0
-333.0
-649.0
839.0
-397.0
215.0
727.0
-629.0
-569.0
293.0
69.0
-545.0
-167.0
-293.0
15.0
-319.0
269.0
497.0
-257.0
571.0
-349.0
-401.0
293.0
471.0
-173.0
-405.0
373.0
251.0
497.0
-269.0
211.0
-579.0
-143.0
-633.0
-263.0
339.0
-257.0
-151.0
-193.0
-59.0
-743.0
-657.0
-183.0
27.0
747.0
-175.0
29.0
945.0
1.0
785.0
463.0
245.0
-337.0
145.0
615.0
-635.0
-185.0
687.0
-113.0
-209.0
-149.0
301.0
-747.0
-595.0
-753.0
-127.0
151.0
-643.0
-73.0
-529.0
-27.0
-213.0
627.0
-67.0
291.0
-685.0
547.0
-723.0
237.0
763.0
-215.0
-615.0
393.0
121.0
-3.0
-119.0
-217.0
-141.0
395.0
-1233.0
35.0
271.0
-571.0
-123.0
-235.0
-551.0
307.0
473.0
-287.0
-267.0
1275.0
-81.0
297.0
293.0
-547.0
-247.0
739.0
-581.0
-327.0
509.0
13.0
-85.0
-155.0
-483.0
-763.0
167.0
-477.0
421.0
-261.0
55.0
525.0
-155.0
-141.0
93.0
-729.0
145.0
-397.0
-89.0
-163.0
-795.0
-695.0
-519.0
-829.0
143.0
-159.0
-565.0
-553.0
223.0
333.0
229.0
203.0
-377.0
-301.0
-237.0
949.0
645.0
-35.0
-213.0
971.0
-193.0
-1099.0
-77.0
517.0
7.0
-135.0
453.0
497.0
63.0
-305.0
225.0
-717.0
521.0
701.0
-17.0
151.0
-129.0
-533.0
59.0
155.0
-37.0
-293.0
221.0
-45.0
-507.0
-527.0
-667.0
-185.0
-711.0
513.0
-149.0
-467.0
-335.0
439.0
-833.0
-413.0
-765.0
943.0
389.0
-1229.0
19.0
213.0
719.0
-601.0
-385.0
-233.0
-141.0
551.0
-437.0
-17.0
-399.0
-307.0
587.0
207.0
609.0
137.0
325.0
-57.0
-759.0
259.0
-125.0
-727.0
467.0
-693.0
533.0
-1311.0
799.0
-97.0
-915.0
-889.0
-251.0
-15.0
-131.0
-363.0
343.0
-121.0
-185.0
-223.0
493.0
-101.0
-767.0
431.0
-149.0
-81.0
-143.0
-145.0
403.0
-229.0
-535.0
167.0
177.0
-551.0
-535.0
155.0
667.0
-113.0
117.0
-45.0
-227.0
459.0
-369.0
-555.0
127.0
415.0
591.0
-189.0
139.0
103.0
-159.0
-83.0
-205.0
323.0
409.0
531.0
-671.0
151.0
-401.0
313.0
-93.0
-245.0
-687.0
515.0
439.0
-357.0
227.0
1.0
103.0
1169.0
-493.0
-535.0
881.0
-381.0
-253.0
-375.0
725.0
879.0
-253.0
75.0
-83.0
1107.0
-129.0
317.0
325.0
-543.0
201.0
519.0
571.0
285.0
247.0
373.0
-945.0
-1273.0
-65.0
-455.0
511.0
87.0
467.0
753.0
513.0
-171.0
-569.0
95.0
-349.0
463.0
599.0
483.0
189.0
-29.0
-699.0
57.0
-187.0
-319.0
-1361.0
-175.0
21.0
35.0
-69.0
-65.0
-133.0
-303.0
-483.0
627.0
-1175.0
-663.0
361.0
-575.0
-845.0
-513.0
275.0
-825.0
-451.0
-283.0
-5.0
-581.0
-1597.0
-363.0
-959.0
35.0
-369.0
-81.0
473.0
-387.0
-489.0
109.0
27.0
-267.0
-141.0
-101.0
-367.0
-183.0
287.0
1111.0
-83.0
-119.0
39.0
-185.0
-273.0
125.0
-135.0
169.0
-149.0
519.0
-947.0
-619.0
623.0
823.0
-367.0
-107.0
-333.0
243.0
-695.0
991.0
873.0
687.0
-59.0
-1085.0
323.0
473.0
119.0
-539.0
-217.0
1205.0
33.0
-1307.0
-635.0
1477.0
-959.0
1087.0
-349.0
151.0
-717.0
15.0
-299.0
431.0
-211.0
-1057.0
185.0
-993.0
-111.0
455.0
-267.0
131.0
263.0
1137.0
-65.0
19.0
573.0
-135.0
-785.0
-197.0
251.0
711.0
-259.0
261.0
-425.0
-15.0
443.0
-393.0
-929.0
361.0
229.0
311.0
819.0
451.0
519.0
-483.0
-53.0
-103.0
-71.0
-449.0
425.0
211.0
-93.0
-433.0
735.0
33.0
-165.0
-149.0
-993.0
57.0
1063.0
347.0
541.0
327.0
-113.0
147.0
549.0
-177.0
249.0
-135.0
535.0
-15.0
-159.0
-159.0
-73.0
-331.0
269.0
-33.0
425.0
-391.0
41.0
-163.0
-881.0
-351.0
-523.0
-497.0
-599.0
-691.0
387.0
591.0
-377.0
-153.0
463.0
-105.0
-985.0
-91.0
-545.0
687.0
-479.0
-47.0
261.0
191.0
765.0
-465.0
-721.0
365.0
583.0
53.0
67.0
-181.0
277.0
387.0
273.0
447.0
555.0
141.0
-413.0
-769.0
385.0
697.0
175.0
647.0
-347.0
187.0
757.0
333.0
-49.0
367.0
-423.0
1041.0
115.0
395.0
1297.0
831.0
-575.0
-213.0
581.0
-699.0
199.0
-371.0
441.0
451.0
457.0
-919.0
-877.0
-757.0
951.0
-351.0
-347.0
-635.0
475.0
753.0
-79.0
-863.0
-593.0
-137.0
895.0
229.0
-1505.0
867.0
979.0
181.0
713.0
803.0
309.0
929.0
81.0
933.0
435.0
425.0
1215.0
791.0
87.0
269.0
851.0
-711.0
63.0
573.0
595.0
-845.0
-1023.0
-281.0
-483.0
-121.0
-71.0
335.0
15.0
-263.0
363.0
-305.0
951.0
-125.0
-955.0
-261.0
501.0
-57.0
-13.0
-769.0
395.0
-971.0
-169.0
-389.0
-1021.0
547.0
-523.0
351.0
-297.0
-467.0
-185.0
453.0
1081.0
-107.0
687.0
-1035.0
-339.0
467.0
-221.0
-437.0
-75.0
403.0
-15.0
-121.0
-595.0
617.0
237.0
573.0
-273.0
-457.0
169.0
-69.0
-353.0
-247.0
-439.0
-1015.0
-617.0
195.0
-355.0
-623.0
-671.0
-45.0
167.0
83.0
-1255.0
565.0
-97.0
-189.0
59.0
423.0
-113.0
-243.0
-111.0
75.0
-285.0
213.0
711.0
249.0
547.0
497.0
279.0
193.0
719.0
33.0
563.0
-509.0
379.0
579.0
341.0
-791.0
-767.0
-27.0
551.0
-555.0
485.0
-499.0
-431.0
-91.0
-373.0
793.0
-549.0
-11.0
-403.0
83.0
-83.0
105.0
9.0
-317.0
-11.0
-9.0
-457.0
-675.0
-181.0
-213.0
187.0
1225.0
179.0
937.0
-535.0
-561.0
339.0
71.0
-343.0
597.0
95.0
-317.0
-191.0
393.0
-715.0
-73.0
-497.0
337.0
-169.0
-173.0
-233.0
541.0
239.0
-171.0
-183.0
-755.0
-61.0
597.0
-487.0
-365.0
-175.0
731.0
-69.0
133.0
823.0
-261.0
-41.0
-7.0
339.0
357.0
-561.0
-419.0
-45.0
731.0
471.0
423.0
373.0
329.0
-21.0
1447.0
-453.0
373.0
325.0
313.0
45.0
53.0
1203.0
-181.0
-37.0
441.0
-779.0
95.0
431.0
843.0
991.0
-197.0
293.0
185.0
539.0
-139.0
-671.0
277.0
715.0
729.0
-1081.0
-1025.0
155.0
-527.0
-381.0
-567.0
-181.0
913.0
-37.0
-25.0
73.0
857.0
9.0
-277.0
907.0
-161.0
533.0
875.0
1355.0
-433.0
-383.0
407.0
-463.0
-907.0
419.0
-843.0
-129.0
-675.0
-235.0
-297.0
-185.0
273.0
497.0
-63.0
1471.0
-725.0
1021.0
-801.0
99.0
341.0
-209.0
59.0
695.0
-1011.0
241.0
37.0
447.0
457.0
-203.0
9.0
323.0
-307.0
61.0
245.0
155.0
7.0
-417.0
965.0
81.0
-509.0
163.0
-327.0
-553.0
-257.0
-211.0
-471.0
805.0
-77.0
-265.0
-125.0
-669.0
-651.0
245.0
567.0
927.0
947.0
-527.0
625.0
27.0
151.0
-497.0
-607.0
417.0
717.0
-255.0
-659.0
-45.0
555.0
323.0
67.0
125.0
-265.0
-663.0
141.0
-201.0
-443.0
-45.0
349.0
-723.0
249.0
179.0
323.0
33.0
-163.0
-323.0
711.0
433.0
585.0
-67.0
125.0
291.0
567.0
551.0
-199.0
-869.0
347.0
293.0
-215.0
971.0
-699.0
-361.0
-1383.0
75.0
-117.0
-539.0
-63.0
-95.0
371.0
-105.0
25.0
-185.0
619.0
245.0
-293.0
-451.0
-179.0
235.0
241.0
-85.0
981.0
-233.0
-415.0
-313.0
385.0
-463.0
227.0
475.0
-761.0
357.0
51.0
-297.0
119.0
-579.0
641.0
431.0
-1041.0
-117.0
25.0
1057.0
469.0
415.0
-63.0
633.0
319.0
83.0
-419.0
-213.0
-57.0
73.0
-155.0
-739.0
1251.0
-53.0
209.0
-691.0
-411.0
-103.0
237.0
-269.0
-123.0
197.0
239.0
637.0
609.0
-471.0
-735.0
149.0
-723.0
795.0
507.0
155.0
-1077.0
-1151.0
-135.0
17.0
-603.0
-657.0
53.0
-93.0
595.0
125.0
801.0
-529.0
281.0
91.0
141.0
-199.0
-925.0
-105.0
881.0
-139.0
-1557.0
-887.0
103.0
-341.0
-519.0
539.0
-393.0
833.0
-107.0
299.0
579.0
-281.0
605.0
489.0
57.0
101.0
-439.0
871.0
761.0
539.0
685.0
89.0
-295.0
259.0
-865.0
-55.0
-389.0
-349.0
-173.0
131.0
9.0
655.0
-119.0
-341.0
-201.0
-131.0
-261.0
-249.0
409.0
-585.0
-263.0
293.0
953.0
443.0
501.0
-157.0
1127.0
387.0
-247.0
-23.0
259.0
677.0
17.0
469.0
629.0
585.0
-699.0
-743.0
759.0
223.0
-119.0
71.0
477.0
577.0
-699.0
-153.0
401.0
965.0
1153.0
379.0
-279.0
511.0
447.0
57.0
-385.0
-15.0
-613.0
179.0
-1189.0
449.0
127.0
-447.0
63.0
817.0
-461.0
-945.0
179.0
-169.0
-103.0
-725.0
149.0
711.0
55.0
-685.0
511.0
-521.0
-295.0
279.0
-737.0
-79.0
497.0
-349.0
41.0
-941.0
45.0
383.0
-155.0
-621.0
-189.0
577.0
-475.0
-331.0
87.0
-405.0
-447.0
-785.0
511.0
-285.0
1265.0
-117.0
-491.0
-87.0
-97.0
-669.0
-107.0
89.0
425.0
-511.0
-449.0
-631.0
-215.0
-373.0
-31.0
-307.0
11.0
-385.0
-733.0
-231.0
773.0
-295.0
-59.0
203.0
-623.0
-177.0
59.0
-73.0
-1021.0
-345.0
-257.0
-23.0
231.0
103.0
711.0
-639.0
-275.0
153.0
83.0
-3.0
-881.0
177.0
83.0
-673.0
-77.0
-313.0
757.0
355.0
219.0
339.0
-403.0
-111.0
375.0
67.0
305.0
85.0
777.0
-487.0
25.0
117.0
903.0
-69.0
389.0
739.0
531.0
-637.0
289.0
-383.0
-677.0
-259.0
87.0
619.0
985.0
517.0
-481.0
809.0
253.0
601.0
-307.0
765.0
-125.0
-187.0
-301.0
-593.0
-121.0
-839.0
-397.0
63.0
-317.0
91.0
-975.0
19.0
-411.0
-617.0
-1075.0
-1033.0
637.0
-111.0
-271.0
-45.0
-907.0
259.0
-33.0
561.0
595.0
273.0
833.0
-325.0
-331.0
-541.0
169.0
83.0
1239.0
-883.0
-131.0
13.0
61.0
-205.0
403.0
-593.0
-1169.0
-247.0
-231.0
-391.0
-205.0
261.0
525.0
-427.0
181.0
-243.0
-535.0
343.0
-223.0
-213.0
-297.0
1185.0
247.0
-221.0
105.0
-457.0
317.0
-205.0
129.0
-467.0
167.0
185.0
543.0
-545.0
-505.0
245.0
263.0
-21.0
317.0
359.0
69.0
71.0
49.0
-443.0
-177.0
-671.0
561.0
-349.0
347.0
77.0
843.0
-665.0
269.0
113.0
303.0
-483.0
-83.0
-677.0
499.0
107.0
485.0
-285.0
27.0
1067.0
-215.0
327.0
-43.0
361.0
915.0
-525.0
933.0
597.0
-877.0
-637.0
-777.0
-441.0
373.0
-337.0
653.0
61.0
229.0
-369.0
-893.0
445.0
-211.0
-575.0
-877.0
641.0
1025.0
-13.0
509.0
-187.0
177.0
517.0
-593.0
13.0
-353.0
125.0
393.0
-809.0
-151.0
-955.0
-511.0
-245.0
111.0
-111.0
159.0
109.0
359.0
549.0
39.0
289.0
11.0
-29.0
247.0
849.0
-463.0
1243.0
-287.0
393.0
371.0
-705.0
229.0
267.0
1321.0
-27.0
459.0
383.0
-183.0
-305.0
1141.0
-913.0
-31.0
-671.0
-245.0
-693.0
-93.0
579.0
-29.0
23.0
-743.0
-409.0
-395.0
787.0
689.0
635.0
595.0
273.0
-1203.0
-715.0
-227.0
1179.0
799.0
-227.0
33.0
-531.0
297.0
-337.0
-21.0
-1275.0
-53.0
269.0
-369.0
723.0
695.0
189.0
-25.0
109.0
109.0
-271.0
951.0
161.0
89.0
-321.0
549.0
-15.0
-479.0
319.0
261.0
75.0
-365.0
-391.0
-283.0
-617.0
31.0
261.0
245.0
469.0
169.0
213.0
-247.0
-91.0
1253.0
515.0
349.0
771.0
-779.0
-539.0
-53.0
-439.0
257.0
-365.0
133.0
-719.0
-719.0
401.0
587.0
-341.0
425.0
-521.0
305.0
-215.0
-611.0
-37.0
245.0
-1033.0
27.0
-253.0
-187.0
267.0
475.0
595.0
265.0
71.0
-357.0
-121.0
-573.0
-309.0
-909.0
-483.0
483.0
-301.0
655.0
865.0
-591.0
153.0
-261.0
-531.0
-313.0
5.0
-21.0
-355.0
315.0
-1117.0
777.0
263.0
93.0
-865.0
407.0
-359.0
-173.0
541.0
81.0
1319.0
7.0
-527.0
-207.0
265.0
299.0
-153.0
121.0
115.0
-1003.0
91.0
-841.0
-53.0
349.0
-537.0
69.0
47.0
-509.0
-697.0
-61.0
-429.0
195.0
-639.0
-243.0
225.0
831.0
-117.0
-901.0
1047.0
153.0
-701.0
415.0
-299.0
-639.0
-319.0
423.0
-575.0
-349.0
-9.0
237.0
155.0
37.0
-1389.0
617.0
39.0
-245.0
-95.0
677.0
-941.0
-313.0
-631.0
-677.0
-1183.0
1131.0
-311.0
265.0
-541.0
457.0
-385.0
-681.0
347.0
909.0
793.0
-463.0
-395.0
-539.0
-913.0
-617.0
-61.0
329.0
179.0
193.0
-27.0
841.0
325.0
1005.0
507.0
29.0
321.0
345.0
43.0
733.0
45.0
549.0
243.0
-417.0
471.0
-29.0
533.0
97.0
-685.0
-121.0
-409.0
167.0
-179.0
495.0
313.0
277.0
83.0
1095.0
181.0
445.0
715.0
-215.0
73.0
-817.0
-1069.0
-361.0
-669.0
81.0
153.0
-425.0
-363.0
-55.0
-107.0
449.0
621.0
-85.0
699.0
333.0
-839.0
-381.0
-493.0
111.0
-1351.0
35.0
-477.0
243.0
5.0
-641.0
-97.0
349.0
53.0
55.0
-575.0
169.0
-511.0
-797.0
-5.0
85.0
279.0
-401.0
209.0
-797.0
103.0
-131.0
-517.0
125.0
1023.0
-479.0
285.0
-1503.0
229.0
-809.0
389.0
27.0
-79.0
-1155.0
-797.0
-283.0
-1293.0
-857.0
-155.0
501.0
125.0
927.0
985.0
-177.0
63.0
-49.0
627.0
241.0
-181.0
527.0
-57.0
-587.0
-301.0
-67.0
193.0
-371.0
-259.0
-391.0
-251.0
-121.0
1011.0
-215.0
-389.0
-1009.0
37.0
263.0
275.0
-581.0
-219.0
-885.0
641.0
-261.0
-67.0
-189.0
-279.0
1247.0
177.0
273.0
-333.0
347.0
-699.0
-291.0
33.0
-155.0
53.0
525.0
111.0
325.0
-655.0
-211.0
473.0
243.0
483.0
135.0
-257.0
-65.0
-249.0
301.0
-747.0
-359.0
-645.0
137.0
377.0
-37.0
-489.0
-525.0
-121.0
-349.0
571.0
165.0
-133.0
-715.0
591.0
417.0
-515.0
-269.0
-899.0
-433.0
-1159.0
327.0
851.0
261.0
-143.0
-103.0
-427.0
-303.0
43.0
-47.0
-611.0
137.0
-253.0
-369.0
-751.0
43.0
141.0
-657.0
325.0
269.0
413.0
681.0
-361.0
145.0
75.0
425.0
719.0
-229.0
-545.0
545.0
-491.0
-835.0
487.0
-653.0
-629.0
735.0
369.0
509.0
581.0
565.0
883.0
217.0
-221.0
1253.0
603.0
-663.0
493.0
289.0
-41.0
265.0
-327.0
-99.0
-659.0
-3.0
351.0
-545.0
-549.0
-75.0
-191.0
645.0
97.0
-597.0
-471.0
181.0
-309.0
-133.0
-543.0
547.0
163.0
-63.0
-869.0
553.0
-435.0
-149.0
-815.0
-251.0
325.0
519.0
-93.0
-75.0
-699.0
-887.0
249.0
181.0
77.0
-569.0
-17.0
369.0
191.0
139.0
-507.0
1221.0
-271.0
241.0
453.0
-415.0
-559.0
187.0
-793.0
241.0
-711.0
-737.0
-703.0
433.0
-185.0
1067.0
-603.0
-705.0
-11.0
1237.0
-37.0
249.0
-229.0
299.0
963.0
-275.0
301.0
-25.0
-413.0
-747.0
793.0
417.0
157.0
11.0
-407.0
327.0
713.0
-7.0
427.0
-221.0
169.0
297.0
415.0
-355.0
-93.0
25.0
469.0
645.0
705.0
109.0
155.0
161.0
1077.0
-649.0
23.0
81.0
-123.0
365.0
-59.0
-287.0
113.0
79.0
239.0
673.0
151.0
-15.0
197.0
-943.0
177.0
241.0
173.0
827.0
793.0
191.0
245.0
183.0
-957.0
-381.0
525.0
477.0
-233.0
-133.0
375.0
147.0
-151.0
-63.0
375.0
403.0
981.0
791.0
707.0
1101.0
191.0
-917.0
-135.0
-539.0
65.0
51.0
-403.0
309.0
-35.0
131.0
-775.0
-307.0
639.0
39.0
779.0
183.0
551.0
611.0
-295.0
797.0
-1105.0
-695.0
569.0
237.0
-75.0
-23.0
155.0
369.0
967.0
25.0
-379.0
447.0
67.0
-1223.0
73.0
711.0
1075.0
-17.0
263.0
-165.0
-993.0
647.0
7.0
-331.0
461.0
-155.0
625.0
427.0
-381.0
409.0
379.0
-545.0
-535.0
-187.0
349.0
-561.0
-39.0
291.0
-429.0
85.0
-483.0
789.0
-947.0
-85.0
555.0
-175.0
-755.0
735.0
67.0
1165.0
-635.0
-135.0
-591.0
101.0
-227.0
-305.0
139.0
379.0
899.0
-199.0
-645.0
-1095.0
-199.0
-447.0
-661.0
345.0
527.0
-293.0
259.0
203.0
373.0
-63.0
533.0
229.0
-493.0
27.0
447.0
851.0
685.0
221.0
447.0
23.0
523.0
-9.0
-293.0
171.0
341.0
301.0
-85.0
-169.0
609.0
1231.0
37.0
683.0
331.0
-511.0
-383.0
255.0
-949.0
407.0
267.0
23.0
127.0
-573.0
409.0
401.0
-1123.0
-915.0
-521.0
-315.0
-135.0
-543.0
481.0
445.0
321.0
235.0
-127.0
539.0
-887.0
237.0
-625.0
-229.0
293.0
-169.0
-625.0
-155.0
279.0
189.0
445.0
733.0
-485.0
135.0
433.0
143.0
-165.0
43.0
-163.0
-361.0
-149.0
207.0
241.0
-697.0
199.0
307.0
21.0
713.0
-345.0
-819.0
-159.0
1239.0
-901.0
-285.0
231.0
-585.0
29.0
769.0
87.0
-143.0
175.0
-347.0
133.0
385.0
-339.0
241.0
-339.0
-347.0
-177.0
113.0
-103.0
-1035.0
129.0
623.0
509.0
-591.0
-401.0
-1125.0
-335.0
-325.0
-1049.0
-57.0
-401.0
597.0
473.0
-421.0
-1027.0
-35.0
83.0
-3.0
-253.0
-627.0
-623.0
-241.0
749.0
33.0
461.0
-879.0
387.0
-513.0
121.0
843.0
511.0
39.0
149.0
539.0
347.0
527.0
-815.0
-169.0
1267.0
-767.0
791.0
443.0
-93.0
731.0
149.0
29.0
717.0
-135.0
107.0
-179.0
169.0
-325.0
-327.0
271.0
-317.0
171.0
217.0
-107.0
-1141.0
381.0
1463.0
485.0
513.0
-1361.0
-91.0
-437.0
661.0
-401.0
-21.0
669.0
443.0
-19.0
-211.0
-827.0
-105.0
-91.0
47.0
-31.0
-479.0
639.0
639.0
265.0
15.0
541.0
-269.0
33.0
-629.0
-289.0
-505.0
353.0
423.0
-281.0
-291.0
1111.0
51.0
353.0
379.0
-167.0
-715.0
329.0
-27.0
7.0
-761.0
215.0
47.0
-713.0
263.0
-35.0
-789.0
-135.0
107.0
29.0
827.0
-483.0
427.0
-163.0
535.0
89.0
875.0
265.0
879.0
-279.0
507.0
-317.0
-1103.0
321.0
229.0
-1073.0
53.0
-45.0
261.0
-465.0
815.0
551.0
-71.0
-1.0
585.0
73.0
95.0
631.0
-479.0
-977.0
-223.0
763.0
249.0
199.0
-1279.0
75.0
-545.0
149.0
-67.0
533.0
-865.0
559.0
-693.0
-239.0
-729.0
-33.0
-375.0
-55.0
-973.0
-223.0
-679.0
-533.0
771.0
-339.0
-257.0
123.0
533.0
-87.0
-215.0
51.0
-331.0
-197.0
-475.0
-767.0
-715.0
-61.0
387.0
113.0
-187.0
537.0
-547.0
-713.0
613.0
-511.0
33.0
911.0
619.0
171.0
55.0
477.0
-471.0
613.0
231.0
-249.0
-669.0
269.0
107.0
-1073.0
-537.0
503.0
301.0
29.0
905.0
261.0
523.0
-733.0
767.0
475.0
-119.0
-439.0
1203.0
-281.0
-45.0
-649.0
-51.0
165.0
79.0
-653.0
829.0
325.0
-463.0
193.0
-63.0
641.0
-251.0
213.0
567.0
-805.0
315.0
471.0
655.0
33.0
-521.0
499.0
-1.0
171.0
-525.0
-411.0
-593.0
307.0
-535.0
189.0
-171.0
645.0
393.0
119.0
-557.0
41.0
97.0
577.0
-211.0
-189.0
-307.0
747.0
875.0
453.0
299.0
-95.0
43.0
361.0
45.0
495.0
1067.0
-379.0
-637.0
-37.0
295.0
331.0
-681.0
1015.0
-191.0
477.0
375.0
1477.0
443.0
-439.0
121.0
-265.0
-301.0
-191.0
-133.0
-423.0
-161.0
-13.0
273.0
759.0
91.0
-783.0
89.0
193.0
1121.0
-611.0
-419.0
-153.0
347.0
55.0
115.0
-477.0
1181.0
-741.0
233.0
763.0
593.0
-839.0
33.0
39.0
-1553.0
195.0
57.0
155.0
73.0
75.0
-3.0
675.0
-249.0
501.0
-359.0
-553.0
-609.0
-381.0
-515.0
149.0
-355.0
291.0
285.0
771.0
3.0
-663.0
17.0
467.0
-1051.0
-31.0
-343.0
-179.0
-175.0
91.0
-671.0
-647.0
-23.0
731.0
-319.0
137.0
-767.0
723.0
919.0
-533.0
749.0
-719.0
-489.0